1000
    44    35
     6    26
    16    48
    42    21
    49    22
    37    45
     7    43
    15    45
    46     5
    22     2
    41     9
     9     1
    17    22
    48    44
     7    38
    44    24
    34    15
    16    32
    44    17
    43    34
    33    49
    31    33
    28    32
    50    22
    17    24
    24    38
    20     6
    19    45
    44    45
    46    29
    47    49
    16    27
     8    47
    39    19
     7    42
    19     7
    37    22
    31    20
    26    48
    37    50
    22    45
    13    17
    31    22
    43    45
     8    13
     3    48
    14    37
    36    23
    24    29
    39    24
    29    40
    42     4
    39    17
    41    46
    46    10
    44     3
    16    41
    24    24
     8    30
    11    38
    50    40
    14    40
    39    49
     1    46
    16    15
    39    28
    33    20
    25    36
    44    22
    49     1
    13    23
    29    31
    11     8
    15    35
    36     3
    36    42
    36    42
    39    25
    24    36
    41    12
    41     9
    40    13
    31    38
    14    29
    17    37
    22    19
    18    11
    19    46
     6    42
    32    11
     6    14
     1    36
    35    30
     2    49
    50    44
    44    49
    37    41
    24    30
    42    48
    24    40
    10    25
    47    26
    10    22
    49    16
    19     1
    13    48
     8    35
     4     6
    18    14
    28    33
    37    50
    46    21
     3     7
    21    23
    12    11
    47    16
    41     9
    29    45
    26    43
    47    12
    19    35
    20    10
    34    31
    23    34
    45     3
    18    10
    22    49
     8    41
    33    22
     8    27
    20     9
    33     7
    48     8
    30    20
    19    30
     3     8
    20    11
     9    50
    37    39
    25    22
    30    35
     4    20
    41    39
    29    19
    26    43
    12    22
    39    28
    43    11
    16    38
    38    48
    10    47
     6    16
     9    41
    31    38
     4    45
    20    26
     3    46
    25    49
    31     5
    15    43
    38    37
     9    40
    18    14
    33    15
    32    35
     7    14
    41    10
    26    43
    46    13
    27     9
     8    10
    36    11
    34    12
     8     9
    29    10
    40    18
    35    48
    24    15
    26    26
    12    41
    39    39
    21    44
    25     6
    17    40
     1    28
    43    21
    49    32
     2    49
     9    37
    17    37
     6    22
    33    22
    17    48
    16     6
    30    11
    25    35
    30    25
    12    23
    16    14
    16    43
    48    32
    41     2
    14    40
     4    26
    26    12
    22     2
    31     4
    43    11
    50    23
    27     3
    17    50
     5    27
    13    20
    13     2
    41     3
    48    31
     9    10
    45    25
    31    19
    25    18
    33    27
    38    12
    23    41
    16     5
    20     7
    15     5
    10    17
    11    29
    22    35
    38    46
    14     7
    43    24
     6    22
     7    40
    39    25
     2     1
    42    41
    10    27
     7    30
    32    32
    37     3
    43    43
    14    15
    36    33
    37    14
     2    16
    22    13
    13    37
     1     6
    27    34
    42    40
    21    50
    30     6
    38    37
    10     5
    29    34
    27    48
    48    10
    30     9
    32    40
    39    11
    36    29
    41    10
    15    38
    10     9
     2     7
     3    50
     6    13
    23    20
     3    33
     9    23
    32    27
     8    47
    38    40
    31    27
    33    10
     8    40
    34     8
    11    40
    50    40
    39     6
    43     2
    45     1
    45    14
    10    10
    14    36
    50    43
    12    50
    13    44
     4     6
     8    36
    19    15
    25    36
    19    23
    47    34
    44    18
     4    40
     2    12
    11    37
    45     9
    47    46
    19    10
    50     7
    47    45
    43    21
    45    41
    36    21
    42    37
    16     1
    31    15
    24    27
     3    12
    26    24
    13     9
    30    43
    41    36
    33     6
    36    29
     9    16
    25    30
    22    46
    45     8
    47    19
     4    12
    42    11
    28    35
    19    17
     3    26
    45     5
    35    18
    29     3
    21    47
    30    46
    42    46
    28    15
    41    15
    27    12
    30    30
    42     8
     5    15
    31    41
    14    14
     9    15
    17     6
    20    22
    13    36
     7    43
    11    19
     8    35
    30     1
    35    22
    41    44
    13    10
    41    10
    40    50
    50    46
     9    29
    31     9
     3    20
    16    26
     7     9
    32    48
     9    24
    32    48
    25    49
    42    35
    33    46
     3    40
    38    47
    39    16
    24    37
    31    47
    28    43
    33    44
    30    38
     2    17
     7    30
     8     5
    20    15
     4    26
    47    14
     9    49
    46    26
    14    21
     7     1
    10    21
    30    13
    38    38
    36    29
     3    40
    32    38
    29    13
    30    20
     9    50
    37    22
    23     5
    38    27
    45     3
    42    50
     3    27
    18    18
    34    47
    31    15
    46    13
    39    24
    40     2
    37    49
    47    30
    27    26
    12    16
    19    12
     5    29
    48    10
    39    36
    48    35
    48    16
    49     2
    22    44
    47     8
    20    21
    25    47
    42    44
    14    33
    37    11
    45    14
    44    31
    32     8
    32    15
    19    46
    26    49
    46     2
    41     9
    24    35
    25    14
    27    44
     4     6
     8     9
    37    37
    26    47
    12     8
    44     7
     3    12
     1    15
    14     7
    37     7
     2    17
    14    48
    41    18
    37    50
    26    38
    36     2
    28    17
    44    40
    35    49
    42     8
    24    26
    34    48
    29    42
    18    43
    17    13
     2    13
    42    33
    35    29
    26    16
    30    28
    33     9
    29    18
     2    45
    17    46
     6    21
    40    22
    20    14
    31    44
    45     5
    48    15
     1    29
     2    14
    30     4
    18    20
    29    38
    11     7
    22    18
    17    21
     9    19
    47    21
    46    25
     9    16
    14    12
     1    35
    28    38
     3    46
    20    31
     3    18
    16    45
    31     2
    33    46
    10    13
    28    38
    23    34
    12    38
    16     8
     6    20
    50     1
    14    30
    16    41
    37     7
    10    16
    46    24
    25     8
    37    20
    38    23
    48    34
    11    28
    18    40
    48    26
    49    46
    19    50
    13    11
    32    22
    43     7
     2    34
     2    36
    29    44
    25    50
     3    12
    40    30
     6    32
    32    29
     2    26
    34    11
    38    14
    34    10
    28    32
    13    38
    33    40
    35    49
     6     1
    13    26
    50    47
    42    39
    39     7
    39     2
    17    38
    15    31
    27    10
    20    35
     2    34
    44    40
    32    40
    48    18
    47    21
    23    27
    31     8
    35     4
    12     3
     3    39
    18    49
    29    20
    43    41
     6    28
    22    22
    44    27
    12    48
    41    48
    47    46
    46    26
    21    25
    49    14
    31    21
    11    30
    12    41
     8    34
    30    48
    13    17
    39    46
     5    22
    38    24
    18    16
     5    27
    47     9
    50    40
    15    27
    14    29
     1    11
    31    33
    49    42
    29    40
    28    33
    50    11
     3    41
    31    36
     2    11
     7    25
    32    39
    13    25
    10     9
    21    28
    37    30
    19    42
    50     5
    20    30
    45    22
    44    16
    48     9
    28    34
    26    45
    28    39
    13     7
    44     1
     7    27
    47    24
    48    47
    20     5
    13    29
    31    35
    45     8
     2    30
    39    43
    30    44
    14    46
    36    19
    12    11
    42     2
    34    33
    47    49
    14    16
    25    12
    49    26
    27    26
    24    33
    18     5
    12    29
    16     3
     1    14
    30    37
     2    41
    22    28
    31    19
    27    46
     7    21
    25    33
    34    37
    32    40
    21    37
     1    44
    18    29
    18     8
    19    46
    46    12
    21     5
    48     4
    48    21
    24    27
     1    26
     4     3
     5    37
    10    27
    21    33
    36    15
    44    47
    25    19
    45    36
    32     6
    21    41
     8    34
    44    34
    44    19
    37    16
    38    37
    20    34
    31    10
     2     7
    41    33
     3     9
    24    20
    16    18
    33    37
    44    29
    49    24
     6    24
    46    22
    45    15
    41    11
     2    23
     2    19
     4    49
    10    46
    34    15
    45     9
    36    10
    11    17
    13    27
    13    20
    20    17
    50    16
    45    15
    34    16
    26    37
    14    15
     5    49
    24    27
    46    10
     8    35
     7     6
    32    16
     1    22
    16    21
    27    44
    30    41
    10    47
    17     2
    50    23
    26    16
     9    35
    20     7
    46     8
    38    15
    35    42
     4    14
    50    20
    26    21
     5    18
    44    27
    31    27
     3    23
     8    39
    43     2
    43    32
    48    46
    18    15
    39    40
    22     2
    48    17
    49    23
    31    48
    10    11
    29    32
    21    11
    50    37
    17    36
    30    39
    32    22
    42     5
    15    28
    16    31
    11     7
    20     9
    22    44
    44     5
     8    45
    30    46
    47    13
    39    25
    29     6
    11    44
    11    33
     2    15
     9    33
    39    12
    18    35
    30    22
     2     4
    30    34
     2     9
    15    48
    46     9
    31    20
     6    32
    30    14
     9    16
    22    35
     6    21
    22    21
     6    20
     2    48
    35    50
    36    26
    20    20
     2    46
     2    13
    35    29
    47    41
    28     1
     7    47
     2     7
    19    21
     2    24
    41    38
     8     9
    13    30
     6    15
    37    31
    32    31
    28     7
     6    18
     4    31
    37    29
    45    45
    20    48
    10    24
    50     1
    27    46
    17    18
    24    42
     5     2
    30    11
    26    30
     8    27
    32    41
    10    39
     4    40
    23    39
    19    18
    43    46
    15    13
    28    37
    23    20
    49    15
    38    14
     9    33
    27    26
    12    25
    49     8
    22    25
    26    16
    20    19
    17    25
    38     4
    28    40
     4    46
    49     1
    46    24
    47    49
    12     2
    39    32
    25    37
     3    39
    12    39
     2    13
    29    28
    41     6
    23    47
     8    30
    15    32
    36    25
    32    10
     9    29
    16    27
    41    40
    41    39
    33    11
     2    11
    29     2
    30    32
    24    30
    38     3
     9    42
    16    50
     2    41
     2    22
    45     2
    13    24
    17    33
     4    17
    23    31
    14    22
    20     6
     8    19
    44    11
    13    26
    32    28
    36    18
    39    29
    46    45
    26    31
    30    33
    17    26
    22    21
    30    36
    41    23
    16    34
    47    26
    45     7
     8    29
     6     2
    12    12
     3     5
    11    34
    31    41
    49     1
    38    39
    49     5
     6    50
    42    38
     3    49
    45    31
    16    31
    39    23
    35    33
    15    29
    41    23
    39    39
    24    30
    41    45
    48    24
    25    23
    32    15
    31    32
    48    24
     6    35
     3    28
    12    40
    40    44
     1    12
    45    23
    47     3
    47    43
    27    18
    23    16
    39    27
    34    40
     9    15
    29    20
    49     5
    15    38
    42     1
    42    40
    25    33
    14     7
     4    24
    27    32
    24    44
    16     5
    44    40
    23    28
    45    28
     3    25
    12    38
    32    17
    48    44
    11    38
     6    13
    26    10
    43    16
     4    27
    36    33
    11    42
    31    28
     4    34
    24    44
    16    32
    35    15
    43    46
     4    47
    32    13
    44    10
    48    28
     7    44
    46    35
    38    12
    36    21
     9    10
    50    14
    16     2
    41    36
    17    42
    19    24
    32    18
    19    49
    37     1
    23    29
    41    46
    14    17
    16    19
     7    31
    18    26
    40    17
     4    37
     7     7
    42     3
    25    37
    25    35
    36     6
    21    35
    32    40
    38    21
    16    31
    26     9
     3    28
    19     3
    42    49
    10    28
    18    19
    18    30
    17     3
    49    36
    39    31
    38    38
    18    49
    26    16
51
