500
   485   485
    94    94
   326   326
   506   506
   248   248
   416   416
   421   421
   992   992
   322   322
   649   649
   795   795
   237   237
    43    43
   457   457
   845   845
   815   815
   955   955
   446   446
   252   252
   422   422
     9     9
   791   791
   901   901
   359   359
   122   122
   667   667
    94    94
   598   598
   738   738
     7     7
   574   574
   544   544
   715   715
   334   334
   882   882
   766   766
   367   367
   994   994
   984   984
   893   893
   299   299
   633   633
   433   433
   131   131
   682   682
   428   428
    72    72
   700   700
   874   874
   617   617
   138   138
   874   874
   856   856
   720   720
   145   145
   419   419
   995   995
   794   794
   529   529
   196   196
   199   199
   997   997
   277   277
   116   116
    97    97
   908   908
   719   719
   539   539
   242   242
   707   707
   107   107
   569   569
   122   122
   537   537
    70    70
   931   931
    98    98
   726   726
   600   600
   487   487
   645   645
   772   772
   267   267
   513   513
   972   972
    81    81
   895   895
   943   943
   213   213
    58    58
   748   748
   303   303
   487   487
   764   764
   923   923
   536   536
    29    29
   724   724
   674   674
   789   789
   540   540
   479   479
   554   554
   142   142
   467   467
   339   339
    46    46
   641   641
   710   710
   196   196
   553   553
   494   494
   191   191
    66    66
   724   724
   824   824
   730   730
   208   208
   988   988
   711   711
    90    90
   800   800
   340   340
   314   314
   549   549
   289   289
   196   196
   401   401
   865   865
   466   466
   678   678
   689   689
   570   570
   833   833
   936   936
   225   225
   722   722
   244   244
   651   651
   849   849
   123   123
   113   113
   431   431
   379   379
   508   508
   361   361
   585   585
    65    65
   853   853
   486   486
   642   642
   686   686
   992   992
   286   286
   725   725
   889   889
   286   286
    24    24
   812   812
   491   491
   859   859
   891   891
   663   663
    90    90
    88    88
   181   181
   179   179
   214   214
   187   187
    17    17
   619   619
   472   472
   261   261
   418   418
   846   846
   419   419
   192   192
   356   356
   261   261
   682   682
   514   514
   306   306
   886   886
   201   201
   530   530
   385   385
   849   849
   952   952
   294   294
   500   500
   799   799
   194   194
   391   391
   737   737
   330   330
   324   324
   298   298
   992   992
   790   790
   224   224
   275   275
   260   260
   826   826
    97    97
    72    72
   210   210
   866   866
   649   649
   951   951
   919   919
   748   748
    63    63
   685   685
   958   958
   956   956
   804   804
   564   564
   518   518
   183   183
   428   428
   400   400
   537   537
   721   721
   346   346
   207   207
   153   153
   323   323
   971   971
   611   611
   662   662
   116   116
   197   197
   109   109
    91    91
   795   795
   529   529
   343   343
   126   126
   862   862
   747   747
   685   685
   469   469
    10    10
   770   770
   881   881
   934   934
   984   984
   723   723
   403   403
   895   895
   360   360
   568   568
   449   449
   172   172
   541   541
   958   958
   272   272
   383   383
   877   877
   308   308
   359   359
   970   970
   707   707
   583   583
   308   308
    48    48
   770   770
   930   930
    30    30
   569   569
   208   208
     3     3
   311   311
    20    20
   100   100
   609   609
   939   939
   887   887
   422   422
   825   825
   785   785
   930   930
   370   370
   904   904
   989   989
   241   241
   969   969
   379   379
   143   143
   376   376
   972   972
   962   962
    28    28
   889   889
    61    61
   443   443
   638   638
   216   216
   348   348
   338   338
   347   347
   160   160
    66    66
   406   406
   391   391
   159   159
   638   638
    31    31
   295   295
   204   204
   826   826
   420   420
   196   196
   153   153
   449   449
   425   425
   855   855
   331   331
   143   143
   565   565
   487   487
   838   838
   140   140
     9     9
   564   564
   918   918
   615   615
   533   533
   135   135
   232   232
   564   564
   957   957
   360   360
   591   591
   793   793
   576   576
   163   163
   746   746
   859   859
   377   377
   760   760
   858   858
   711   711
    86    86
   662   662
   434   434
   159   159
   558   558
   660   660
   279   279
   268   268
   840   840
   948   948
   735   735
   315   315
   574   574
   676   676
   126   126
   341   341
   912   912
   689   689
   739   739
   894   894
   821   821
   706   706
   625   625
   490   490
   917   917
   478   478
   201   201
   671   671
   993   993
   932   932
   149   149
   899   899
    52    52
   237   237
   759   759
   187   187
   267   267
   472   472
   256   256
   772   772
   783   783
    98    98
   117   117
   906   906
   516   516
   911   911
   180   180
   635   635
    25    25
   225   225
   380   380
   823   823
   712   712
   164   164
   266   266
   343   343
   216   216
   732   732
   448   448
   502   502
   541   541
   740   740
   664   664
   576   576
   954   954
   612   612
   726   726
   902   902
   772   772
   454   454
   531   531
   411   411
   943   943
   973   973
   750   750
   703   703
   327   327
   850   850
   917   917
    77    77
     5     5
   220   220
   113   113
   802   802
   913   913
   403   403
   791   791
   181   181
   998   998
    10    10
   859   859
   525   525
   345   345
   919   919
   431   431
   668   668
   675   675
   527   527
   833   833
   462   462
   438   438
   291   291
   523   523
   605   605
   916   916
   457   457
   420   420
   405   405
   115   115
   417   417
   660   660
   279   279
   261   261
   685   685
   772   772
   596   596
   388   388
   307   307
   764   764
   224   224
   843   843
   322   322
   206   206
   840   840
   407   407
   975   975
   639   639
   401   401
   852   852
    91    91
   542   542
   327   327
    60    60
   330   330
   757   757
   182   182
    82    82
   603   603
   637   637
   793   793
    93    93
   615   615
   614   614
   733   733
   136   136
   864   864
   187   187
    16    16
   102   102
   863   863
   972   972
   987   987
   163   163
   306   306
   501   501
    34    34
   477   477
60000
