100
    23    13
    28    49
    45    37
    33    24
    39    17
    20     9
    15    42
    21     7
     2    36
    34    19
    26    27
    44    50
    22    45
    27    31
    50    12
     1     8
    11    20
    27    27
    42    22
    29    25
    47    18
    24    27
    27    47
     3    32
    46    28
    30    11
     9    35
    21     5
    19    47
    30    34
     6    31
     5    29
    47    27
    32     2
     5     1
    20     8
    22     7
    40     6
    42    49
    13    48
    43     8
    29     1
    45    35
    40     5
    20     6
    18    34
    12    45
    38    33
    16    26
    39     3
    40    20
    28    19
    24    46
    24    25
    21    40
    29    49
     2    18
    21    38
     5    39
    34    11
    29    10
    17    32
    25    23
     7    12
    42    13
    50    37
    22    26
     7    40
     2    25
    19     1
    36    49
    16    33
    20    31
    15    40
    40    13
     3     8
    45     4
     8    36
     3     4
    41    24
    46     1
    41     5
    31    26
    43    43
    46     1
    42    27
    43    43
    50    47
    43    29
    10     4
    19    32
    25    10
    49    36
    46    23
     3    25
    32    24
     6    36
    19    50
    30    27
    44    23
124
