50
   47    46
   19    10
   50     7
   47    45
   43    21
   45    41
   36    21
   42    37
   16     1
   31    15
   24    27
    3    12
   26    24
   13     9
   30    43
   41    36
   33     6
   36    29
    9    16
   25    30
   22    46
   45     8
   47    19
    4    12
   42    11
   28    35
   19    17
    3    26
   45     5
   35    18
   29     3
   21    47
   30    46
   42    46
   28    15
   41    15
   27    12
   30    30
   42     8
    5    15
   31    41
   14    14
    9    15
   17     6
   20    22
   13    36
    7    43
   11    19
    8    35
   30     1
116
