5000
   510   416
   527   524
   408   306
    12    11
   418   228
   481   130
    34   125
   572   100
   143   381
   467   570
   183   100
   491   451
   491   532
   538   148
    31    93
   516   109
   118   349
   514   112
   171    41
    98   102
   306   493
   503   176
   548   340
    32   143
   201   549
   383   336
    32   122
   272     8
   202   326
   337   351
   165   138
    32   220
   548   380
   311    53
   308   404
   125   121
   577   252
   287   509
   439   564
   516   327
   244   207
   206   186
   354   598
   507   182
   347   471
    99   539
    45    58
   229   386
   533   439
    50    24
   495   247
   203   184
   395   317
   485   372
    68   337
   122   112
   539   353
   188   195
   392   316
   339   394
   136   213
   278   363
   434   384
   414   307
   403   548
   325   252
   585   317
   430   327
   421   356
   446   530
   561    62
   255    94
    89   598
     6   351
   327   496
   538   425
   534   443
   389    19
   296   449
   128   331
   347   566
   158    94
   446   139
   538   258
     9   238
   501   146
   434   512
   423   500
   516   186
   135   395
    66   557
   262   413
   186   485
   477   400
   548     8
   431   133
   113   425
   360   233
   529   236
   589    36
   277   485
   398   248
   187   322
   558    32
   431    25
   491   114
   398     7
   369   539
   118   503
   225   429
    82   451
   574    95
    90   313
   440   409
   590   269
   369   531
    83   471
   261   377
    86   409
   183   309
   230   152
    15   377
   342   236
   463   327
   120   253
   157   119
    77    68
   442   356
   480   179
   457   131
    51   570
    75   121
   136   559
   527   160
   202   545
   240   462
    29   257
   598   315
     7   342
   286   444
   170   211
   525   497
   442   495
   464   519
   224   241
   223   354
     1   358
   319   203
   329   393
   103   386
   433   101
   267   233
   400   370
   428   228
   557   426
   576   384
   186   390
   549   255
   116   498
   169    37
    55   289
   102    59
   334   158
   417   382
   369    81
   521   210
   143   595
   540   224
   410    86
    37    65
   227   339
   594   558
   554   433
   330   278
   567     7
   316    91
   431   166
   314    41
   446    94
   533   308
   555   379
    98   333
   337     4
   377   440
    17   105
   414   453
   405   166
   552   297
   304   400
   215   481
   225   402
   172   395
   286    36
   160    88
   356   521
   470   170
   517   164
    44   534
   595    87
    20   245
   464   311
    18   301
   496   223
    22   271
   158   535
   113   397
   291    48
    20   466
    38   271
    35   333
   333   172
   129   564
   321   559
   485   425
   536   582
   563   307
   363   468
    21   388
   472   153
   383   242
   266    66
   371   197
   404   469
   201   300
   205   180
   344   436
     4   155
   538   373
   397   455
   521   499
   556    37
   455   254
   110   357
   132   126
   544   529
   561   256
   167   429
   577   373
    22   397
    87   109
   557   229
   305   399
   566   457
   404   387
   292   426
    10   455
   452    42
   375    74
   469   476
   306   192
   268   483
   542   203
   448   101
   527   514
   253   435
   465   489
   564   360
   116   212
   479   363
    13   265
   129   491
   230    17
   580    79
   358   515
   533   575
   347   478
   234   386
   547   128
    19   141
   497   479
    14   108
   213   379
   108   280
   541   311
   114   309
   263   434
   266   423
    25   134
   143    73
    31   196
   216    73
   179   394
   571   171
   571   363
    35   576
   500   217
   380   475
    53   401
   171   217
   438   539
   179   266
   327   364
   186   400
   365   562
   498   427
   303   163
   267   486
   119   314
   213    50
   275    80
    92   572
   435   387
   276   374
   422   549
   124    31
   573   220
   551   311
   481   185
   149    68
   104   543
   184   194
   162   386
   170   210
   122   250
   148   122
    56   210
   409   237
   179   177
   434   190
    67   309
   346   358
   149   471
   289    16
   264   558
    71   421
   301   155
   334   330
    19   423
   305   202
   416   293
   243   376
   412   455
   544   501
   566   416
   161    50
   298   323
   443   251
   267   279
   150   128
   370    96
   267    65
   320   506
   543   486
   192   380
   557   504
   221   567
   319    32
   387   266
   596    49
   506   339
   229   380
    77   132
   130   200
   289   432
   386    76
   289   145
    31    91
   478   359
   176   251
   291    14
   320   250
   502   541
   371   381
    19   166
   577    62
   555   543
   555   553
   201   220
   547     3
    61   551
   192   408
   418   270
   158   472
   386   302
   540   356
    65   353
   423   235
     6   586
   556    20
   550    57
   435   215
    11   255
   463   300
    82   439
    66   167
   202   575
   245   311
   536   218
   164    90
   456   588
    40   247
   118   345
   487    71
    34   306
   574    72
   505   397
   246   384
   416    24
   340   402
    76    73
   226    64
   125    53
   180   110
   329   139
   509   366
   404    20
   192   102
   205   130
    34   522
   300   482
   220   359
   576   519
   398   373
   229   445
   167   151
    34   238
   129   307
   481   436
   322   392
   559   540
   357   545
   459   227
   126   133
   307   248
   325    64
   570   541
   266   402
   127   484
   247   482
   566   386
   555   543
   137   434
   498   482
   514   337
   586    35
   183   249
   528    46
   480   156
   305   242
   252   103
   461   166
   439   576
   581   592
    49   350
   325   243
     8   212
   389   333
   325   161
    49   163
   548    15
    96   369
   389   509
   210   305
   559   467
   115    22
   148    82
   164   511
   544   502
   417   419
   547   202
   308   421
   110   470
   288   325
    66   150
   186   568
    44   154
    82    78
   452    22
   104   270
    53   469
   336   256
   463   471
    48   582
   304   204
   489   224
   577   379
   184   259
   196   132
   377   589
   284    15
   345   359
   229   207
   570   583
    26   446
   316    73
   349   205
   134   378
   576   416
   547   441
   403   237
   377   331
   383   271
   598   145
   311   547
   211   335
   510   598
   218   275
   539    25
   116    40
   441   218
    99   431
   187   472
   318     1
   517   147
    35   371
   501   349
   510   271
   232   457
   576   579
   129   479
   483   288
   597   304
   529   208
    50   212
   133   333
   510    94
   241   450
   491   289
   438    17
    32   594
   418   545
   443   217
   132   552
   426   516
   539   557
   201   394
   300   555
   157   578
    35   427
   519   117
   312   593
   420   566
   242   128
   410   117
    90   317
   533   162
   246    37
   128   148
   182   276
    47   438
   355    99
   488    98
   427   453
   122   454
   426   422
   549   544
   386   505
   585   430
    91   548
   235   254
    53    42
   386   239
   162   453
    88   507
   593   189
    12   193
   149    66
   540   275
   588   226
   311   369
   259   463
   576   295
    79    24
   143   554
   238   162
   250   539
   100   171
   513   141
   129   123
   231   193
   216   184
   428   451
   379   588
   415   312
   370   413
    33   295
   138   129
   533   505
   594   507
   307    86
   216   198
   420   349
   226   429
   143   256
    65   413
   490   506
   128   144
   581    30
   122   207
   488   141
     9    75
   340   363
   275   440
   135   223
   327   430
   513    93
    46   477
   140    82
   460    28
   184    44
   229   358
   236   307
   276   178
   569   263
   103   326
    96    55
   158     8
   420   331
   347   320
   474    71
   571   588
   221   581
    98   401
   526   430
   493   124
   232   596
    17   475
   137   407
   185   498
   109   226
   596   357
   189   545
   293   159
   380   290
    84   357
   354    85
   458   474
   514   217
    49   232
   374   372
   578    40
   354   166
   401    14
    94   379
   266   188
   501   363
   135   257
   554   368
   161   405
   242   443
   507   548
   388   155
   159   284
   197   380
    32    61
   409   424
   262   501
   420   196
   112   468
   278   162
   588    27
   300   270
    66   324
   579   567
   511   509
   104   108
   349   287
   219   512
   111    62
   506   379
   521   476
   498   503
   230   526
    40   596
   300    82
   525   112
   435   291
   575   303
    27   412
   445   498
    50    93
   267   367
   564   188
   259   253
   197   419
    93   442
   538    41
   461   396
   494   344
   402   216
    72   115
   247   450
   289   210
   491   361
   116   243
   539   142
   359   455
   399    33
   477   414
   361    88
   357   431
   489   534
   270   440
   382    43
   569    95
   392   189
   136   355
   545   283
   269   402
   489   514
   443   487
   441   374
    17   423
   143   542
   277   465
   496   333
   413   176
   500   361
   168   350
   234   585
   267   230
   532   447
   560   238
   134   336
   145   128
   112   100
   562   243
    19   319
   533    42
    16   243
   542   345
   172   399
    46   192
   512   343
   414   182
   244   353
   177   290
   555   114
   420   120
   386   164
   394   103
   347   269
   527   187
   446    28
   558   268
   206    58
   262   387
   561   314
    79   123
   433   174
   594     3
   473   200
   543   327
   225   330
   152   398
    66   211
    35   436
   325   543
   261   268
   229   217
   225   489
   469   511
   239   281
     4     2
   418   143
   413   401
   170   259
   387   105
   496   496
   362    43
   456    35
   545   258
   336   243
   147    23
   207   224
   100   195
   433   540
   449   568
   543   249
   480   373
   523   206
   519   140
   289   137
   152   425
   385    10
   130   337
    56   530
   155   164
   510   551
   409   313
   475   205
   336   149
    75   418
   413   472
   137   294
   113   260
     7   188
   410   250
   347   146
   507   275
   253   361
    68   320
   356    73
    76   398
   537   261
   242   545
   116   542
   124   116
   474   534
    78   426
   112   500
   284   557
   561   151
    83   281
   387   408
   201   243
   112   537
   397   163
   409   595
   457   411
   508   337
   420   523
   462   447
   372   515
   299    86
   264   356
   394   471
    76   331
   102    33
   165   235
     7   585
   149   150
   568   317
   473   584
   513   485
   269   152
   212   102
   481   595
    36   396
   244   358
    66   412
   367    16
   458   307
   285   107
   530   182
   582   309
    98    63
   259   471
   246   321
   131   185
   537   449
   348   479
   100   217
   302   173
   308   145
   513    90
   570   156
   398   580
   555   373
    59   384
   216   116
    48   547
   288    24
   543   283
   161    82
   577   251
   333   476
   218   303
   321   509
   446   324
   201   539
   222   339
   175   571
   147   218
   211   551
   307   142
   292    53
   120    18
   381   375
   214   501
   282     4
   181   530
   562   267
   356    25
   142   144
    71    46
   439   284
   415   147
    54   389
   360   119
   285   303
   168   410
   115    85
    66     4
   533    49
   338   185
   216   315
   236   378
   290   481
   325   476
    56   132
   187   373
   202    82
    40   472
   259   213
   178    55
   485   232
   278   472
   305   281
    90   573
   588   488
   450   212
   461   450
   465   351
   138   490
   162   385
   507   485
   303   519
   390   520
   406   270
   329   497
   172    14
   575   486
   233   506
   481   365
   267   315
   342    41
   159   297
   181   230
   186   405
   335   274
   237   542
   297   272
   111   254
   111   162
   116    80
   229   426
    60   344
   399   213
   590   198
   192   517
   571   433
   519    25
   559   389
   117   123
   441   280
   299   126
   252   414
   441   257
   343   399
   289   525
   359   354
    90   103
    76   121
   272   570
   184   176
    41    36
   244    34
   331   227
    61   459
   552    28
   219    52
    11   256
   370    78
   565   580
   298    22
   480   419
   217   497
   469   130
   233   564
    48   367
   220   395
    89   143
   194   412
   238   307
   549   111
   579   278
   452    76
   300   510
   244   473
   433   444
   165   103
   344   249
   352   240
   497   128
    70    39
   362   218
   324   275
   171   193
   203   161
   404   485
    68   358
   298   597
   544   438
     8   411
   197   380
   250   478
    76   534
    77   436
   487   363
   131   436
    17   180
   346   102
   198    45
   140   560
   473   167
   297   389
   540   139
   488    12
   530   244
   341    43
   529   138
   596   461
   459   111
   452   207
   219   583
    62   171
   468   489
   253    95
   509   340
   303   245
   545   104
   233   296
   308   371
    66   152
   527   588
    86     2
    20   311
    50   471
   509    37
   159   102
   543   112
   535    25
   284   488
   581    65
   174   197
   465    31
    87   505
   529   504
   205   585
   379   220
   203   376
   102   524
   355   104
   513   141
   320   534
   419   189
   487   432
   249   321
   413   422
   143   584
   459    67
    94   600
   567   566
   315   379
   461   345
   279   221
   482   301
   411   101
    41   192
   412   502
   486   212
   292   273
   175   221
    81   216
   123     7
   519   553
   154    18
   440   589
   237   187
   548   220
   375   168
   412   519
   184   279
   479    58
   498   427
   280   324
   548   389
   247   284
    92   155
   211   162
   513   311
   241   239
   415   207
   406   337
    12   532
    16   335
   279   201
   531   166
   440   266
   160   526
   362   158
   208   588
   333    83
   590   204
   425   589
   122   234
   181   418
   585   389
   180    29
   434   242
   553   501
   524   112
   217    65
   539    93
   199   546
   537   373
    30    61
   593   217
    71   235
   110   124
   106   247
   202   509
   481   140
   491   489
   111    65
   464   465
    40   577
   506    84
   162    51
    45   377
   353   203
   270   531
   233   443
   446   344
   300   329
   564   440
   299   406
     8   447
   417   513
   212    63
   507   486
    61   509
   572   398
   199   493
   261   443
   560   437
   154   112
   434   540
    55   356
   508   565
   121    73
    34   220
   465   485
   240   547
   595    76
   278   257
   277   288
   253   176
   571    30
   392   145
   447   374
   598   326
   101   311
   371    20
   525   196
   510   251
   578   583
   438   172
   279   561
   533   598
   457   507
   526   324
   504   380
   595   463
    87   191
   439   115
   346   575
    11   216
   535   395
    44    24
   302   184
     1   336
   378    71
   546   436
   129   461
   300    28
   264   520
   481   341
   168   373
   244   525
    61   355
   210   151
     4   555
   452   599
   468    87
   273   170
   190   452
   168   261
   207   109
   116    57
   516   277
   496   144
   372   577
   273   207
   249   264
   251   383
   128   319
   379   121
   137   309
   548   398
   400   584
   254   584
   241    11
   368   105
   571   477
   166   302
   235   254
   390   391
    57   368
   292   358
   543   184
   477   409
    78   295
   432   397
   363   186
   560    97
   119   338
   151   509
   284   369
   269   118
   235   426
    30   495
   250   395
   137   588
   466   442
   188   390
   311   305
   269   174
     1   567
   140   216
   328   501
   156    30
   212   450
   416   437
   554   187
   338   472
   146   514
   150   408
    21   297
   534   189
   397   379
   399   451
   388   240
     8   315
    62   323
   298   389
   531   282
   267   119
   596   338
    77   173
   535   268
   331   253
   542   415
    36   317
   593   251
   112   555
   476   127
    87   297
   275   248
   521   588
   241   599
   408   103
    48   358
   361   249
   435   502
   218   183
    16   256
   205   431
   153   230
   539   146
    17   525
   212   477
   171   562
   186   309
   246   598
   365   236
     6     7
   345   148
   132   212
   539    79
    85   300
    75   457
   192   308
   268   338
   176   108
   518   252
   169    12
    53   597
   128   112
   418   337
   283   293
   223   120
   360   263
   280   383
   538   304
   413   334
   517   591
   308   558
   243   219
   131    92
   271   315
   235   134
   542   355
   424   168
   197    77
   533   347
   526   177
   372   140
   108    50
   499   309
   118   183
   594   354
   385   371
   113   145
   517   386
   343   543
   497   584
   429   483
   267   239
    80   386
   320   428
   581   582
   449   423
   216   571
   206   446
   309    48
   365   493
   575   238
   203   179
   390   425
   459    12
   291    39
   332   127
   184   513
   516    19
   202   294
    99    27
   344   198
   562   306
   134   106
   178    21
   594   390
   369   396
   103   439
   432    29
     7   535
   168   501
   484   114
    42   571
   367   132
    13   403
   322   513
   106    36
   593   120
   524   431
     2   349
   116   100
    21    17
   400   347
   575   273
   427   363
   129   144
    56    98
   237   530
    72   274
   560    22
    27   220
   299   238
   107   356
   580   278
   388   481
   377   519
   247   111
   436   551
   334     3
    50    23
   514   434
   126   193
    15   270
   251    11
   594   575
   174   348
   401    10
   513   434
   496   232
   284   462
   372   245
   599   309
   440   130
   402   563
   141   354
   533   150
    71   479
   563   404
   594   422
    97   418
   267    77
   133   155
   331   583
   474   521
   310   210
   191   491
   530   430
   263   538
   563   161
    43   362
   363    99
   499   506
    63   332
   517    15
   188   317
   124   363
    72   106
   161   374
   382     1
   583   158
   313   167
   152   585
    25   440
    53   340
   244   384
   427   406
   563    67
   473   462
   277   150
   246   157
    34   576
    47   282
   429   568
   230   209
   389   540
   110   551
   229   195
   395   524
   150   600
   255   413
   230   475
   238   124
   210   149
   491   103
   183   449
   587   290
   270   370
   159    26
   126    20
    16   248
   116   107
   531   269
   125    18
   420    96
   436   345
    70   121
    46   326
   216    25
   578   238
   580    33
   223   312
   473   531
   102    23
    32   176
   303   538
   115   175
   183   458
   377   551
    38   335
   431    33
   367   199
   208   517
   312   172
    61   112
   497   593
   576   591
   338   137
   314   242
    77   372
   541   216
   499   342
   459   146
    99   110
   197   127
   332    32
    16   452
   539   527
   401   189
   592   299
   209   229
   355   538
   492   326
   268   287
    44   581
   520   100
   322   533
   383   252
   244   510
   187   594
   570   170
   219   544
   251     4
   421   509
   412   453
   314   293
    88   124
   194   462
   140   289
   145   149
   593   527
   530   347
   412    84
   303   416
   274   166
   387   226
   349   323
   406   586
   260     5
   296   515
   246   264
   121   512
   231   385
   244   568
   131   181
   300   137
   383    36
   231   462
     7    32
   551   422
   506   446
   511   451
   593    87
   307   155
   407    67
   224   239
   595    59
   298   462
   368    97
   556   557
   461   526
   226   341
   216   384
    91    97
    14   486
   547   402
   542   186
   436   257
    83   106
   468   536
    24    50
   329   117
   373   241
   265   348
   288   270
   143   400
   511   232
   351   502
   514    23
   595   351
   374   586
    62    55
   403    86
   341    62
   127   303
   270   275
    75   182
   152   328
   355    31
   298   262
   419    86
   375   286
    61   494
    47   288
   311    22
   226   540
   474   480
   389   115
   293   286
   366   280
   591    11
   100   161
   380   484
   384   172
   391   105
   288   112
   477   172
    82   313
   402   277
    30   543
   101    31
   260   324
   222   235
   244   488
   329   551
    52   411
   290   162
   180   238
   303   430
   461   422
   581   363
   456   342
   491   596
   348    64
    91   144
   431   455
   335   240
   565    68
   328   312
   198   284
   465    19
   522   482
   234    63
   536   398
   144    90
   196    73
   586   328
   510    60
   239   370
   263   420
   315    69
   407   452
   313    76
   122   248
   481   354
    73   473
    58   392
   492   545
   131   231
   109    29
   164   323
   512   394
   314   533
   510   301
   327   547
   193   587
   495   269
   122   482
    38   231
   134    82
   392   350
   383    76
    41   161
   551   573
   426    78
   215   286
   205   461
   421   372
   432   365
   428   439
   549     9
   229   161
   434   463
   524   461
   476    69
   317   145
    87   216
   205    33
   408    10
   349   185
   515   183
   289   415
   240   221
    55   499
   592   277
    67   428
    62   218
    56   401
    33   317
   136   592
   190   546
   140   566
   498   235
   111   268
   364   359
   404   146
   497   335
    41   499
    26   565
    83   412
   456   289
   160   426
   599   145
    68   567
   584   180
   299   529
   464   323
   270   223
   526   484
   152   217
   458   293
   472    91
   329   354
   129   453
   381   259
   188   274
    25   556
   599    11
   162    98
   447   536
   521   199
   329    98
   454   555
   183   336
   238   551
    22   555
   364   110
   587   568
   542   219
   254   258
   414   449
    78   346
   401   243
   236   244
   349   209
   324   583
   275   379
   214   192
    92   493
   243   187
    95   352
   507   240
    24   320
   563     6
    13   255
    35   383
   282   101
   510   215
   388   442
     3   489
   130   154
    16   376
   368   332
   390   224
   101   239
   519   303
   493   538
   132     3
   297   326
   371   256
    57   553
   526   382
   595   514
    95    21
    37   164
   423   342
    55   178
   454   288
   508   397
   300   204
   559   301
   326   597
   563   545
   540   207
   410   316
   264   155
   527   455
   177   508
   455   589
   109   145
   401   166
    21   407
   487   100
   570   507
    44    20
   533   201
    61   441
   180   443
   229    43
   257   361
   537   534
   188   306
   370   123
    49   333
    96   160
   596    54
   347   404
   393    64
   285   147
   528   211
   396   346
   493   219
   532   304
   254   557
   256   458
   397   478
   560   129
    37   249
   455   417
    18   133
   236   209
   233    81
   200    26
   566   581
   495   245
   573    54
   207   526
   104    61
   350   463
   183   590
   216   266
   101   408
   453    87
   207   333
   449   230
   559   591
   157   274
    63   189
   148   427
   466    65
   216   589
   364   320
   378   378
   193   365
   360    49
   163   594
   200   313
   277   468
    75    62
    68   273
   365   350
   502   153
   585   585
   506   263
   257   211
   327    74
   171   184
   137   316
   472   218
   206   406
   350   250
   166    14
   349   425
     1   286
   518   169
     2   330
   462   445
     1    70
   539   257
   399   113
   270   559
   362   210
   182   304
   488   254
    78   252
   201   491
   572   110
   549   277
   522    22
    92   138
   153   380
   268   411
   417   278
   477   369
   406   558
   185   498
   357   243
   471   551
   276    27
   446    19
   175    74
    78   570
   518   321
   411   507
   332   326
   587   116
   154   483
   311   384
   450   190
   174   520
   504   189
     4   123
    42    59
   161    51
   297   139
   558   358
   247    80
   299   421
   440    23
   444   213
   374    42
   338    23
    20    58
   261   142
   308   512
    87   349
   188     8
   380   122
   346   362
   462   211
   153   110
   276   532
   180   548
   506   370
   439   461
   476   182
   533   561
   461   561
   339    94
   372   457
   171   249
   469   421
   398   469
   102   171
    97   197
   184   315
   424   583
   397   120
   136    72
    65   123
   285    94
   240    51
    60   485
   415   189
   547   273
   559   171
   157   445
   332   580
    89   358
    53   169
   450   600
   244   431
   402   403
   292   142
   191   160
    58   245
   103   390
   131   327
    88     3
   125   166
   256   577
   563   522
   395   400
    48   206
   259   417
    37   312
   538   494
   221   499
    27    92
   429   187
   166   250
   473   492
   258   553
   250   447
   428   311
   379    41
   318   473
   467   578
   211   253
    37    95
    55   465
   106   293
   228   444
   537   371
   231    31
    93   498
   552   280
   324   180
   336   427
   567   438
   437   372
    85   299
   177   541
   203   486
   521   384
     6   235
   481   139
   281   219
   509   326
   402   283
   514    17
   206   384
   186   518
   189   488
   238     8
   352   144
   231   319
    39   462
   501    33
   591   522
   528     7
   528   302
   333   361
   261   375
   472   527
   149   334
   368   285
   326   360
   336   529
   249   518
     9   477
   600    34
   397   307
   156    55
   446   258
   180   187
   253   164
   511   380
   535   145
    99   155
   593   340
    38    50
     5   463
   361   142
   461   205
   244   353
    35   300
   428   559
    35   550
    73   482
   304   218
   117   236
   147   460
   175   384
     3   357
    13   374
    46   520
   584     9
   173   195
   121   311
   453   214
   570   460
   386   579
   319    35
   574    10
   242   387
   583   103
    22   585
   439   570
   356   392
   261    43
   337    66
   161   288
   465    81
   468   525
   148   358
    93   311
   398   117
   304   597
   389   243
   114   267
   315   501
   575    52
   339   135
   380   571
     9   502
   281   270
   338   347
   190   400
   139   596
    86    66
   573    40
    81   397
   181   254
   155   318
   106   491
   562   494
   568   526
   597   461
   241   162
    15   587
   515   551
   427   139
   109   477
   186   516
   571   335
    95    36
   345   336
   204   515
   147    36
   526   314
   371   245
   226    23
    92   489
   323   358
   315   444
   484   125
   174   536
   471   148
   380   229
   504    71
   236    78
   364    49
   346   474
   547   535
   508   363
   116    46
   307   327
   280   298
   372   137
    54   340
   494   556
   478   478
   382    59
   177   542
   110     7
   421   214
   204   381
   471   268
    94   419
   521   363
   164    88
   451    92
    54   485
   437   122
   428   516
    98    57
    76   379
    65   290
   222   437
   285   310
    76    29
   469   492
   341   472
   389   225
   392   246
   523   299
   534   588
   374   506
   384   514
    95    59
   328   220
   172   411
    91   599
   106    28
   587   466
    24   303
   427   350
   139    38
    36    59
   427   412
    45   520
   292   436
   271   222
    56    91
    22   306
   122   211
    11   438
   286   421
   550   307
   268   489
   249   205
   380   165
    16   243
   299   584
   373   273
   403   410
   472   588
   585   378
     3   257
   151    99
   459    74
   194   356
   210    78
   166   187
   538   540
   349   213
   116   580
   278   188
   334    50
   234   189
    35    16
   178   157
   469   566
   533    16
   358    81
   254   478
   307   469
   305   363
   321   360
   462   513
   250    93
    70   299
   352   378
   194    16
    50   111
   100   435
   492   434
    77   123
   592   171
   445   172
   275    25
   561   577
   539   336
    62   459
   332   512
   219   139
   114   139
   325    64
   360   138
   205   438
   575   164
    92   451
   354   461
   406   231
   414   263
   276   439
    39   231
   331   526
   438   174
   299   345
    79   282
   114   501
   414    89
    38   304
    97   170
   321   160
    65   256
   438   428
   298   131
    67   309
   418   348
   375   320
   150   133
   498   571
   328    67
   540   441
    93    50
   493   212
   538   315
   140   502
   543   572
   332   580
   372   524
     8   600
   184   113
   318    65
   264   456
    49    73
   532   361
   537   451
    37    36
   566    30
   339   243
   370   483
   283     6
   396   399
   102   581
   312   509
   524   230
   579   467
    31   515
    21   127
   533   599
   311   575
     5   437
   580   578
   394   540
   484     5
   189   467
   380   294
    36   325
     9   487
   113   209
   186   503
   246   402
   486    59
   372   245
   506   212
   403   572
   285   501
     4   278
    87   436
   210   176
    75    42
    71    45
   446   473
   410   125
   512    81
   581   277
    23   318
   221   418
   474   442
   444   267
   451   259
    56   491
   110   456
   126   392
   414   405
   497   555
   295    24
    36   300
   294    24
   112    41
   396   322
   238   370
   473   487
   502   413
   534   349
   488   249
   587   431
   456     9
   487   228
   463   535
   133   314
   468   578
   147   372
   473   165
    46   439
   154    53
    34   133
   248   311
   350   140
    28   460
   332    15
   535   555
    69   510
   301   521
   379   588
   291   255
    64   277
   374   167
   492   242
   154   580
   588   187
   300   486
   469   279
   167   535
   385   115
    18   149
   384   157
    19    92
   327    27
   277   551
   254   581
   285   107
    43   252
   475   305
   181    29
   275   565
   187    38
   322   399
   210   524
   582    86
   341   463
   495   276
   175   467
   498   578
    28   403
   308   440
   197   491
   218   393
   147   218
   247   401
   474   178
   472   180
   127   582
   217   397
   501   584
   306    23
   408   532
   356   364
   564   156
   374   183
     8   520
   364   288
   180    49
   534   588
   586   403
    71    21
   377   213
   540   517
   579    62
   492   259
   441   430
   415   448
   573   406
     7   321
   188   565
   267   345
   438   304
   323    65
    30   484
   213   367
   117   419
   198   241
   379   321
    28   172
   421   210
   176   390
   562   251
   313    83
   207   217
    27   424
   347   465
    87   338
   340   549
   228   290
   400   256
   107   543
    96    31
   424   144
   391   187
   428    45
   464   199
   375   160
   229   154
   419   422
    20   218
   525   180
   204   526
   100   135
   589   181
   515   140
    77   112
   515   505
   591   553
   577   366
   302   455
   400    91
   536   303
   223   192
   494   312
   379   491
   511   171
   471   217
   243   182
   103   316
   333    27
   573   365
    10   265
   282   135
   239   231
   238   536
   119   592
   131    76
    81   408
   460   287
   112    25
   371    31
   460   354
   199    52
    13   461
   252   517
   128    68
   573   465
    51   367
   148    62
   114   276
   562   385
   140   155
   139   282
   199   341
   272   379
   471   369
   160   326
   110   426
   464   392
    70   168
   567   478
   346   514
   543   514
   594   149
   541   490
   133   420
   226   181
   145    28
    58   147
    22   554
   305   392
   224   195
     5    60
   331   407
   495   514
   193   563
    75   227
   511   186
   351   479
   310   384
   401   135
   341   347
   504   177
   435    70
   564   177
   570   515
   370   489
   303   436
   240   437
   430   541
   407   173
    27   362
   566   280
   587    89
   386   249
    25   348
   187   161
   452   549
   442   161
   237   550
   343   345
   231   260
   103    34
   415   455
   515   501
    99   593
    36   582
   231   328
   274   456
    10   290
    43   174
   407   300
   456    27
   400   519
   595   303
   492   127
   381   319
   289   153
    53   432
   525   489
   323   439
   550   245
   506   488
   594   586
   147   513
   224   321
    14   474
   549   469
   340   467
   475   107
   384   289
   428   375
   316   431
   380   311
   559   534
   332   110
    76   281
   139    71
   246     7
   375   116
   375   509
   241    66
   192    47
   399    66
   139    91
    35   479
   396   587
   600    39
   198   221
    20   569
   385    24
   321    65
    25   221
   190   314
   155    56
   267   185
   304   177
    73   193
   500   292
   576   337
   296   473
   250   510
   347   224
   180   254
   271   157
   285    35
    72   379
    63   327
   319   297
   587    98
   469   350
   249    54
   315    74
   541   595
   302   138
   516   540
    24   135
   598   212
    73    36
   462   190
   213     3
   412    17
   199   435
    35    92
   203   199
   126   323
   320    38
   142   214
   196   242
   583   106
   306   199
   185   143
   231   210
   329   534
     3   580
   495   100
   226    10
    27    39
   130     2
   297   379
   134   460
    43   370
   289   210
   109   510
   423   246
   364   236
    21    15
   256   463
   161   223
   217   126
   564   507
   357    59
   363    40
   527   401
   149   431
   180   121
   359   452
   238   265
   411   297
   379   538
   519   338
   432   532
   210   373
   535   184
   385   136
   113   370
   576   510
   356   489
   252   263
   124   100
   333   115
   488    66
   512   155
   540   366
   578   325
    92   429
   242   474
   152   254
   365   573
    26   278
     5   106
   156   180
   579    96
   495   239
   585   460
   431   114
   228   156
   562   169
   543   517
   599   564
   283    26
    99   357
   202   505
   510    86
   515    83
   308   340
   303   120
   344   194
   202    93
   251   308
   317   588
   282   337
   153   309
    46   187
   286    14
   380   295
   425   316
   548   483
   492   109
   343   137
   447   556
   450   191
   212   408
   328   335
   544   122
    91   186
    37    81
   434    28
   253   203
   175    28
   441   330
   151   123
   136   392
   228   278
   299   257
    80     9
   333   260
   479   378
   383   429
    39    95
   273   138
   556   382
    93   232
   300   271
   134   569
   521   239
   278   396
   133    28
   180   474
   167   176
   348    80
   163   292
   505   126
   448   106
   454   331
   155    63
   130   418
     2   555
   585   421
   466   542
   551   412
    97   145
    47    50
    24   222
    90   373
   576   558
   164   288
   478   117
   336    38
   545   563
   595   597
   359    57
   582    53
   223   158
   213   108
   338    30
   228   439
   371    54
   481    94
   133   470
   549   125
   580   571
   349    67
   371   192
   469   409
   565   168
    83   208
   367    67
     9   463
    74   427
    52    16
   486   265
   370    70
     2   241
   584   438
   233    31
   465    30
   598   164
   459    86
   568   353
    60   386
   512   231
    10   129
   199   376
   375   221
   389   245
   267   391
   348    77
   468   318
   571   135
    80   180
   262   309
   307   189
   107   477
   588   493
   423    44
   265    45
   271    17
   219   386
   147   420
   125     2
    12    25
   574    59
   486   229
   542   138
   489   220
   589    37
    66   428
   374   190
   598    33
   274     4
   446   310
   129   231
   157   229
    36   448
   303   163
   134   443
   340   267
   425   346
    18   237
   532   207
   153   515
   202   589
    23   416
   574   572
    92    93
   346   335
   384   313
   543   356
   128   253
   351   559
   487    57
   318   171
   297    62
   583   438
   131   137
   515   168
   470   473
   260   488
   467   501
    79   115
   520   405
   288   242
    32   419
   584    14
   489   261
   425    19
   375   131
   258   294
   598   295
   205   381
   428   262
   286   513
   445   209
   415   194
   192   176
   454   200
   375   268
   520    33
    20   215
   222    11
   150   275
   286   168
   171   243
   221   521
   575   434
   231    49
   419   174
   449   311
   569    49
   182   391
    44   284
   366   318
   124    55
    21   551
   303   385
   279   391
   427   201
   385   426
   303   383
    59    79
   258    18
   233   559
   323   271
    81   437
   183    58
   103    59
   217   405
   387   489
   300   178
   212    74
    44   414
    38   237
    99    68
   423   316
    47    82
   552   325
   304   588
   295   107
   320   220
   513     8
   539   587
   284    25
   173   527
   314   374
     3   368
   577   388
    49   304
    48   561
    99   423
    60   220
   367    64
   121   230
   143   348
   380   185
   133   545
   413   547
   280   102
    42   399
     3   206
   158   200
    12   110
   296   483
   577   389
   208   296
   526   407
   100   492
   596    13
   193   287
   419   445
   285    45
    96   178
     9   419
   330    72
    36   503
   334   422
   259   188
   379   584
   165   449
   432   575
   514   541
   385    24
    19   474
   528   230
   476   179
   431   116
   286   378
   436   547
   250   386
   350   404
   248   142
    28   419
   373   133
    85   105
   531   427
   162   356
   506   573
   135   333
    20   456
   416   501
   158   110
   304    93
   219   190
   165   217
   203   495
   440   480
   448   161
   600   138
   425   592
   254   286
    15   141
   179    95
   277    19
   389   291
   260   147
   104    72
   388   269
   378   299
   143   339
   191   134
   112    27
   515   237
   177   378
   454   342
    50   311
   249   579
   197    35
   158    76
   261   387
   254    77
   175   591
   325   554
   145   283
    31   283
   456   239
   358    32
   413   228
   299   506
   383   382
   578   123
   524    89
   474   499
    80   393
   353   192
   113    58
   223   201
    25   224
    97   463
   346   372
     6     1
   480   204
   526   450
   327   254
     5   241
   350   593
   567   109
   315   551
   350    83
   438   571
   231   325
    98   587
   219   305
   366   162
   321    83
   177   133
   361   544
   500    63
   587   504
   417   252
   101   351
   177   575
   235   360
   404   120
   409   326
   225   557
   124   137
   278   371
   287   249
   473     1
   434   355
    76   321
   220   149
   223   525
   257   574
   544   194
   174    87
   181    83
   217   593
   122   261
   142    97
    22    34
   165   391
   408   509
    79   127
   175   449
   198    49
    78    77
    44   411
   399   304
   100   137
   318   109
   565   414
   326   403
   469   306
   426   492
   490   584
   401   440
   324   123
   228   349
   238   132
   180   341
   523   251
   220   540
   573   543
   406     5
   592   579
   393   264
   445   504
   216   578
   139     1
    22   552
    72   279
   261   257
   286   321
    23   224
   144    55
   227   323
   451   299
   201   451
   162   365
    33   456
   513   346
   581   183
   531   152
    46   507
   399   369
   340   310
   509   473
     8   530
   279   133
   507   361
   138   210
   434   205
   276   375
   561   357
    87   193
   355   556
   227   361
   588    39
   338    19
   446   371
   149   302
   351    97
   397   115
    36   280
    43   188
   407   389
   416   402
   395   408
   144   387
   408   542
   297   278
   586   135
   235   108
   316   500
   359   301
   170   151
   369   508
   484    78
   146   264
   150   357
   598   200
   492   167
   349   147
   451   369
   525   473
   571   219
   564   577
   128   308
   123    15
    16    72
   542   513
    71   273
   455   151
   485   128
   203   206
   106   166
   157    71
   160   467
   374   104
   110   282
   358    86
   341   287
   547   277
   554   590
   384   143
    36    10
   442   460
   536    62
   556    52
   585   219
   378   366
   275   191
   530   404
   142   326
   166   510
   159   520
   478   407
    34    15
   419    55
   124   282
   430    46
    53    83
   271   578
   587   210
   378    46
   449    12
   587   143
    46   412
   130   387
   378   139
   170   592
   412   263
   427   431
   270   430
   375   531
   250   245
    34   530
   286   433
   578   190
   314   113
   502   320
    34   542
    83   379
   439   472
    73   352
   384   439
   325   283
    79   571
   320   529
   446   576
    68    21
   239   441
   542   222
   531   351
   359   501
   218   159
   476   512
   593   422
   462     7
   442   537
   268   248
   533   165
   140   451
   133    31
   160   308
   485   298
   589   176
   528   131
   503   453
   552   570
   217   163
    15   287
   553   313
    17   239
   239   134
   339   546
   309   349
   284   297
   514   236
   537   369
   121   305
   375    23
   599   368
   257   431
   290   350
   586    85
   396   355
   532   567
   207   448
   383   205
   298   285
   349   262
   562   221
   162   160
   372   457
   417   348
   454    69
   585    84
    77   171
    22    65
   281   466
   124   253
   157   250
   295   130
   507   463
   502   525
    36    24
   197   163
   389   411
   497   430
   461   423
   319   235
   179   405
   286   284
   412    75
   483    45
   418   510
   346   397
   488   500
   306   315
   266   284
    50   554
   161   586
   551   179
   236   163
   215    93
   498   313
   232   252
   140     3
    74   347
   360   213
   539   487
   591   543
   137   401
   504   292
   482   487
   134   338
   455   265
   508   168
   159   131
   193   553
   328   387
   415   212
   360   497
   205   205
   513   222
   588   252
   155   354
   214   560
   300   526
   578   591
    58   459
   524   436
   193   317
   234   478
   416   599
   514   497
   230    76
   143   412
    10   591
   274    22
   232   168
   348   461
   271   284
   281   269
   199   135
   105   345
   368   489
   193   481
   205   234
   366   176
   464     3
   185    24
   447   315
   358   124
    28   258
   127   162
   330   534
   437   244
   203   495
   102   290
   262   457
   122   469
    86   318
   295   370
    78   485
   125   489
   561   107
   180   328
   246   588
   521   401
   192   262
   600     6
   147   427
    19   180
   322   193
    80   587
   158   463
    80   200
    49   454
   332   188
   425   265
    10   117
   168    99
     6   335
   127    52
    68   127
   123   255
   265    84
    88   339
   297   154
   386   324
   402   348
   122   317
   240   189
   581    93
   394   300
   553    35
   210   514
   336   375
   218   200
   303    46
    82   313
   384   305
   126   162
     4   435
   251    34
   141   197
   450   538
   462   160
   125    98
   302    62
   535    60
   177   254
   481   282
   183    10
   550   159
   241    95
   447   204
   101   248
   299   418
   499   310
   318   575
   279   168
   395   279
    79     3
   524    32
   191   479
   438    42
   552   590
   121   537
   527   442
   461    73
   593   249
   169   508
   132   319
   508   346
   329   129
   430   550
   166   313
   273   241
   400   195
   129   358
   589   323
   330   121
   319   456
   401   213
   125   265
   275   128
   460   211
   265   173
   298   356
   221   517
   115   599
   518   531
   276   124
   503   323
   117   475
   103   214
   348   413
   417   541
   324   576
   371    23
   453    13
    99   562
   116   135
   237   434
    11   585
    98   352
   372   540
   403   353
   542   501
   275   169
   122   280
    42   285
   216   219
   478    83
   274   128
   259   190
   434   592
   267   513
   135   577
   561   423
   219   468
   183   389
   288   165
   552   589
   264   272
    88   272
    68   244
    23    15
   572   151
   428   493
   342   574
   142   260
   137   551
   198   139
   321    29
    56    89
   357   103
   257   354
   523   310
   450   595
   590   136
   442   290
    78   406
   122   271
   566   158
   449   145
   162   110
   560   550
   495   310
   272   307
   580    72
   567   220
   542   511
    74   337
   506   449
    44   526
   596   499
   405   493
   252   343
   398    65
   472   348
    24   346
   292   347
   316   120
   197   209
   389   253
   230   590
   434   556
   242   296
   423   568
   456   324
   235    11
    93   539
   165    76
   499    37
   479   315
   118   349
   189   132
   543    25
   591   381
   226   332
   129   518
   410   137
    76   316
   533   182
   533    98
   346   427
   379   213
   382   150
   318    75
   478   348
    67   311
   454   413
   412   547
   136   205
   420   234
   337   147
     8   448
   301   384
    49   193
    82    21
   158    75
   586   265
   439   482
   291   422
   380   262
   161    71
   195   570
   178   160
   417   219
   378   442
   599   579
   389    65
   278   425
   154   348
    86    15
   471   385
   159   144
   174   186
   403   108
    47   504
   491   465
   504   562
   205   463
   120   306
   135   528
   161   420
   382   523
   195   380
   367   556
   293    51
   350   393
   334   334
   285   355
   281   419
    84     7
    48   144
   399   136
   496   194
   189   467
     2   127
    12   351
    89   352
    34   255
   439   399
   375   101
   522   193
   366   524
   396   447
   306    42
   528   279
    53   512
   400   570
    20   336
   108    18
   566   434
   348   122
   243   315
   311   418
   514   554
   276   381
   562   152
   381   560
   122   300
   180   546
   204   480
   494    99
   500   347
   372   338
    54    76
   576    70
   317   495
   404   249
   552   376
   550   212
   600   177
   559   219
   572    49
   347   327
     5   292
   356   129
   101     1
   199   114
   578   196
   208   484
   449   559
   280   387
   222   327
   108   166
   103    98
    26   405
   520   392
   181   502
   170    13
   159   487
   596   337
   398   354
   163   329
   447   128
   565   174
   199   587
   578   103
    57   189
   267   262
   369   598
   413   405
   527   238
   511   307
   400    32
   454    94
   574   222
   402   478
   567   263
   177   540
   523   130
    81   526
    38   125
   179   592
    14   206
   267   240
   519   254
   492   405
   186   597
   176    77
   244   494
   485   298
   338    56
   195   248
   523   517
   402   158
   446   443
     1   383
    97   420
   153   308
    27   405
   576   528
    26    64
    81   215
   438   517
   584   347
    79   204
   243   436
   465   344
   453   323
   557   488
   412   260
   396   471
   234   206
   116   190
   560   521
    77    59
   542   322
   389    25
   224   509
   335   563
   211     8
   155   510
   589   488
   207   146
   281   219
   586    76
    42   537
   537    43
   543    71
   563   421
   229   569
   335   222
   346   556
   285   525
   533   133
   114    42
   220    65
   341   391
   269    34
   430    35
   109   187
    39   213
   383   449
   202   483
   485   397
   241    30
   378   378
    77   185
   320   512
   454    55
   436   426
   594   487
    95   146
    65   501
   312   431
   108   446
   461   224
   261   287
   497    40
    42   378
   551   222
   316   150
   292   303
   508   161
   451   218
   284   413
   426   368
   539   141
     1   478
   490   387
   587   425
   348   303
   189   445
   523   333
   243   210
   581   556
   250   371
   262   559
   360   564
   302   129
   287   519
   187   298
   481   283
   505   232
   406   115
    22   588
   576   270
   587   539
   207   519
   276   277
   305   267
   240   317
   561   211
   563   173
    56   165
   505   414
   161   419
   158    81
   294    64
   593   581
   569   578
   375   501
   229    81
   275   541
   210   258
   579   313
   431   464
   246     2
   393    56
    25   358
    50   135
    17   475
   165    90
   410   480
   230   554
   486   575
   150   482
   226   595
   284   302
    34   594
   304    34
   573   455
   304    52
    83   359
    77    15
   162   165
   264   420
   264   236
   486   327
   107   417
   419   508
   204   283
   491   349
   339   584
     3   305
    43   493
    77   490
   166   225
   186   282
    75    31
   442   275
   275   214
   136   194
    76   374
   121   303
   285   209
    99   500
   536   148
   545   391
   469   177
   188    86
   155   410
   230   526
   561    36
   192     8
   403    30
    28   593
   472    52
   292   420
   128   380
   129   270
    35   300
    48    61
   125   446
   503   382
   237   394
   157   266
    37   230
    39    44
    20   156
   190   529
   550   488
   102     5
   421   493
   138   166
   201   203
   155   263
   451   543
   136   427
   311   198
   158   260
   175   543
   352   279
   293   285
   283   150
    97    29
   176   418
   296   570
   500   418
   485   195
   189   148
   113   158
   178   199
   303   195
    93   147
   354   184
   565   350
   311   284
   107   419
   471   209
   454   121
   309   587
   482   413
   230   264
   140   245
   166    59
   376    59
   358   217
   491   234
   475   583
   549   511
    19   158
   334    39
    65   205
   593   161
   424   297
   541   536
   299   234
   104   448
    59   261
    23   586
   554   274
   497   373
   164   153
   369   507
   133   422
   274   397
   341   526
   325   452
   128   405
   581   157
    91   326
   524   416
    49   358
   550   350
   499   101
    19   500
   101   226
    83   552
   117   281
   185   343
   335   260
   538   368
   212   324
   239    41
   362   474
   477   556
     4    86
   206   533
   121   459
   593   123
   394    69
   364    72
   197   216
   169   415
   151   206
    39   105
   446   476
   439    60
   437   587
   239   169
   128   510
   172   272
   527   580
    72   162
   528   220
    11   451
   581    32
   413    74
    60    32
    81   454
   205   499
   446   542
   438   100
    95     5
   459   599
   522   265
   441   439
   126   519
   433   365
   197   572
   586   239
   489   546
   127   314
   195   213
   352   173
   414   377
   140   149
   146   586
   435   582
   389   191
   514   477
   476   524
   496   327
   199   363
   125    20
   210   151
   451   446
   423   396
   412   216
   473   230
   482   541
   436   500
   382    23
   312   297
   465   544
   397   479
   406   312
   192   160
   464   379
   139   146
   439   222
    58   222
   230   334
    17   566
   136   533
   212   488
   153   531
   239   540
   521   325
   476   566
    75   132
   210   128
   500   460
   554   471
   230   551
   589   487
   316   478
   354   390
   136   187
   500   563
    72   246
   599   409
   344   234
   555    35
   432   403
     9    62
   582   383
   546   405
   183   566
   383   565
   390   231
    27   438
   559   112
   341   579
   509   513
   114   174
   439   126
   575   283
   170   296
    20   559
   408    39
   427   516
   478   261
   240   492
   267   489
   515   280
    84   191
   368   540
   468   185
   344   112
   337   516
    40   309
   330   162
   199   458
   252   327
   158   451
   156   170
   440   589
     6   202
   336   104
   436   490
   177   505
    91    11
   472   467
   496   540
   327    10
   279   232
   451   428
   451   445
   556   283
   250   532
   365   195
   280   258
   529   493
   372   522
   166    54
    95   524
   302    87
   568   422
   311   321
   445   542
   492   301
   117   361
   573   589
   512   179
   530   130
   447    91
   509   427
   536   466
   116   551
   338   145
    62   584
   407    76
    85   156
   447   566
   313    25
   281   506
    86   300
   325   299
   500   589
   196   153
     4   571
   177   384
   170   280
   161   375
   221    32
    85   578
   364   460
   489    61
    91   277
   164    21
    11   503
    80   548
   239   132
   540   569
    10     9
   364   330
   518    41
   122   303
   512   148
   310   300
   439   404
   449   179
   460   596
   543   179
    91   254
   467   369
   287    71
     4   585
   427   232
   453    65
    29    68
   291   554
   365   353
    55    84
   499   165
   251   302
   183   215
     1   550
   578   166
   103   115
   554   242
   495   596
   106   261
     3     4
   360   109
   574    21
   207   162
   493   222
   301    38
   292   435
   167   526
   453   455
   337   540
   243   585
    50   413
   500    96
    67     6
    29   147
   256   302
    48   290
   231   359
   105   571
   134   431
   430   426
   369   510
   332   440
   312   131
   454   302
   399   279
    65   590
   480   341
   499   318
   115   141
   225    83
    21   428
   488   262
   558   546
   107    13
    60   559
   411   200
   158   130
   149   230
   483   184
   532   261
   128   134
   376   202
   544   507
   527   346
   389     4
   367   454
   205   269
   293    20
   129   401
   384   464
   375   383
   399   359
   183   465
   457   475
   130   497
    51   344
    54   363
   459   201
   430   481
   540   400
   438   439
   450    57
   165   492
   365   505
   443    73
    19   296
   530   249
   398   472
   417   437
   212   465
   466    11
   517   187
   541   458
   232   487
   518   285
    94   363
   522   170
    32    55
   503   477
    35   360
   553   197
   225   273
   416   539
   180   129
   519    59
   380   198
   128     9
   256    27
   426   545
   193   432
   452   226
   265   287
    52   488
   467   462
   504    20
   388    22
   294   131
   182   495
   103   168
   174     6
   278    38
   492   148
   110   214
   551   284
   297   162
   219   584
    45   508
    58   248
   368   501
   559   553
   173   534
   507   294
   439   180
   406   342
   402   276
   231   361
    57   235
   591   360
   585   520
   551   512
    61   305
     2   435
   427   407
   372   211
   115   143
   298   291
   440   597
   316    61
   167   471
   453   313
   165   275
    27    33
   293   206
   170   374
   454   251
   539   549
   594   412
   377   108
    83   255
   556   548
   169   376
   358    82
    23   255
   419   485
   563   102
   198   478
   411    98
   239   319
   293   499
    89   394
   591   161
   175   255
   382   397
   406    17
   234   345
   261   453
   229    13
   385   184
   596   511
   261   237
   486   222
   399   568
   322   347
   222   161
   102   429
    39   376
   250   111
    95   353
   434   144
   491   252
   194   199
   299   581
   436   281
   197    51
   349   105
   565   262
   165   426
   538   322
   165   148
   108   451
   467   416
    89   107
   529   242
   384   567
   500   530
   589   435
    80   455
   234   357
   257   209
   126   389
   116   569
   599   295
   124   351
    12   137
   248   120
   149   151
   449   202
    68   561
   546    13
   356   366
   120   575
   175    80
   257   308
   190    83
   577   297
   514   531
   247   531
    32   577
   254   489
   320   265
   103   107
   486   396
   252   109
   585   341
   359    44
   266   289
   441   163
   335   272
   367    34
   180   403
   223    68
   107   537
   144   516
   138   250
   207   563
   315   463
    86   569
   106   571
   143   198
   351   498
   326   123
   507   525
     4   337
   367   311
   304   253
   255   264
   144   247
   446   259
   125   406
   380   109
   260   315
   426    93
   561   422
   285   362
   150   376
   417   390
   522   510
   517   157
   532    22
   324   505
    78   290
   540   446
    15   574
   319   429
   241   119
   551   239
    41   346
    55   271
   316   526
   372   381
   438   424
    58   515
    70   569
   259   525
   278   166
   586   250
   263    19
   118   425
    97   548
   298   210
   591   410
   129   307
   113   543
   254   179
   339   334
   386    15
   203   402
   255   286
   392   241
   593   362
   502   212
   148   102
   589    46
   209   271
   489   302
   594   480
    29   355
    20   566
    33   532
    13   252
   290   329
    19   164
   128   161
     4   171
   427   184
   155   360
   326   445
   392   129
    70   342
    57   401
   564   552
   244   570
   158   591
   415   115
   380    77
   126   102
    85   587
   419   313
    26    26
   556   590
   562   524
   406   193
   245   404
   440    62
   325   151
   394   301
   558    29
   412   283
   341   432
   147    30
   374    72
    46     4
   464    16
    55   449
   204   104
   469   219
   131   104
   237   243
   101    30
   177   427
   581   101
    73   286
   337   210
    86    32
   488   364
   502   484
   253   391
   577   468
   544   220
   458   424
   275   105
   169   502
   233    56
   301    10
   154   335
   295   210
   436   452
   481   425
   476    91
   213   534
   346   597
   579   456
   466    70
   370   136
   367   548
   464   251
   322   327
   165    11
   112   225
   457    25
   497   531
   501   480
   469   577
   559     9
   209   435
   319   399
   183    57
   406   478
   372   387
   551   149
   322   162
   125    53
   174   366
     4   581
   348   541
   524   420
    94   213
   240    34
    92   142
    13    34
   141    15
   574   112
   419   579
    28   251
    68   344
    10    96
   549   588
   174    83
   578   444
   204   586
   593   578
   469   135
   356   586
   452   130
   100   121
   585    89
   139    59
   119   405
   450   383
   496   515
   137   137
    56   483
   357   341
    46   168
    43   195
   127   580
    27   387
    77   128
   464   437
   333   165
   283   101
    94   482
   463   114
   341   482
   128   274
   430   145
   181   420
   269   339
   380   585
   418     9
    12   191
   450   144
   510   220
   578   224
   117   323
   367   551
   412   430
   409   431
    14   401
    38    35
   513   206
    26    89
   148   579
   500   483
    55   556
   348   352
   410   509
   353   187
   270   481
   311    85
   111   136
   341   500
   531   208
    85   574
   436   587
    44    51
     1   265
   401   375
   339   474
   354   481
   483   434
    34   532
   297   185
   520    63
    47   374
     9   490
   236   183
   404    79
   220   504
    78   555
   348   110
   452   176
   316   390
    22   384
   357    54
    52   520
   594    64
   175   167
   412   279
   554    33
   461   567
   106   108
   301    61
   376   238
   115   376
   128   577
   235    43
   346    52
    78   185
   501   568
   271   107
   219   156
   434   488
   144   333
   527   562
   548    45
   124     1
   464   326
   569   582
   445   124
   252   486
    64   364
   212   153
   297   573
   491   294
   539    90
   117   149
   358   248
   573   424
    72   562
   119   415
   586   567
   264   335
   494   309
   505   494
   303   340
   563   581
   281    73
   508   570
   375   317
   447   401
   323   426
   554   551
    63   418
   241   491
   435   227
   528   257
   424   219
   557   564
   273   387
    20   560
   393   147
   348   393
   543    59
   302   491
   286   585
   254   143
    17    20
   563   254
   244   268
    48   357
   365   579
   381   277
    25   380
   127   582
   300   495
   108    72
   584   142
   355   310
   254   487
   151   431
    19   182
   533   410
   185   549
   451   373
   455   395
    16   162
   307   375
   266   191
   171   144
   179   473
   235   315
   445    84
   248   327
   420   345
    51   520
    59   132
   409   278
   238    96
    24   209
   598   226
   532   275
   460    71
   584   386
    69   275
   112   513
   419   327
   402   411
   164    22
   525   131
   483    36
   273   434
   285    19
   270    46
   446   348
   345   347
   402   263
   145   568
    15   254
   384   465
    47    52
    61   445
    12   269
   238    67
    20    10
   586   598
   412   357
   548   106
   449   331
   500   153
   313   498
   168   111
   384   528
    32   150
   583   141
   103   487
    87   407
   165   102
   411   584
   545   368
   130   198
   244   436
    36   383
   249   299
   484   478
   584    93
   308   510
    10   370
   223   106
   422   481
    55   167
   586   552
   182   415
   430   153
    74   355
   170    78
    74   364
   199   385
   445   542
   435   554
   314   585
   142   165
   305   565
   434   319
   208    57
   535   333
   298   264
   492   553
   299    41
   306   154
   174    18
   426   319
    47   200
   583   136
   172   214
   502   330
   494   271
   170    84
   118   433
    36   570
   426   392
   207   110
   510   276
   161   365
   119   305
   102   501
    76   105
   167   153
    37   576
   104   183
   453    43
   454   455
   276   389
     7   576
    77   112
    12   336
    55   125
    17   479
    46     8
    46    49
   465    66
   590   430
   550   284
   132   104
   298    46
   517   169
   589   385
   264   278
   233   231
   466    51
   203   493
   255   388
    99    25
    19   542
   318    78
   590   320
   443   130
   437   185
   290   256
     5   367
   543   238
    11    57
    94   597
    31   130
   361    64
   103   547
   381   428
   312   467
   387   595
   175   469
   282   140
   237   486
   489   362
   553   186
   418   511
   143   250
    58    46
   422   308
   278   458
   231   424
    31   261
    50   554
   566   457
   547   496
   594    93
   105   121
   198   237
   183   400
   520    81
   332   453
   236   255
   413   422
   351   367
   402   343
   175   244
   285    83
   584    42
   478   125
   161   256
    12   472
   197    92
   543    87
   262   165
   241    81
    84   265
   179   341
    90   171
   107   246
   441   456
   122   268
   102   223
    84   543
    63   507
   145   408
   404    62
   208   309
   336   163
   283   105
   518   200
   270    46
   224   430
   337   232
   178   119
    53   223
   181   339
   579   280
   376   271
   112   545
   441   355
   141   391
   185   509
   154   534
   118    71
   354   204
   258   362
   106    74
    40   166
   324   280
   598   271
   464   572
   118    85
   385   183
   487   440
   469   196
    97   422
   199   470
   182   595
   127    52
   131    76
   184   380
   166   488
   466   562
   113   459
   590   130
    68   216
   343   122
   145   466
   464    93
   505   447
   224   357
   420    58
   442   288
   318   571
   569   278
   292   197
   137   132
   582   204
   297   472
   519   457
   588   506
   375   364
    94   483
   130   317
   132   293
    73   383
   492   231
    22   577
   180   339
   380   537
   486   205
   557   303
   433   146
   462   316
   235   379
   373    86
   450    61
   227   337
   170    46
   427   307
    24   477
   194   283
   437   494
    73   247
   471   298
   326   330
   529    15
   313   438
   147   433
   274   427
   196   588
   448   596
   579   573
   363   266
   166   180
   595   191
   465   264
   570     9
    80   599
   260   202
   464   312
   591   568
   575   575
   245   485
   108    60
   422    21
   441    81
   427   111
   309   206
    69   259
   142   339
    28   182
   291   225
   435   197
   248    61
    97   140
   363   474
   435   569
   427     2
   164   321
    96   193
    46   358
   229   110
    82   477
   466   190
   212   528
   406   111
   338     4
   154   278
   547   129
   337   173
   468   553
   563   205
   390   295
   449   587
    83   254
   250   586
   599   203
   468   310
   595   280
   207   168
   204   253
   315   259
   266   157
   321   337
   349   506
   599   450
   434   182
   221    59
   547    64
   381    39
    85   399
    96   365
   547    22
   330   309
   232   380
   303     8
   521   239
    88    67
   480   516
   334   535
   421   301
   295   593
   439    55
   141    97
    56   583
   172   121
   543   241
    52   572
   151   373
   116   152
   333   438
    56   209
   527   496
   233   332
    63   214
   539   204
   487   205
   228   557
   174   504
   191   243
    88   352
   296    61
   492   584
   523   412
    79   499
    93   242
    47   266
   412   433
    58    70
    59     9
   532   270
   373   124
   342   270
   194    10
   108   420
   503    77
   527   144
   208   224
   449   287
   329   329
800
