100
    44    35
     6    26
    16    48
    42    21
    49    22
    37    45
     7    43
    15    45
    46     5
    22     2
    41     9
     9     1
    17    22
    48    44
     7    38
    44    24
    34    15
    16    32
    44    17
    43    34
    33    49
    31    33
    28    32
    50    22
    17    24
    24    38
    20     6
    19    45
    44    45
    46    29
    47    49
    16    27
     8    47
    39    19
     7    42
    19     7
    37    22
    31    20
    26    48
    37    50
    22    45
    13    17
    31    22
    43    45
     8    13
     3    48
    14    37
    36    23
    24    29
    39    24
    29    40
    42     4
    39    17
    41    46
    46    10
    44     3
    16    41
    24    24
     8    30
    11    38
    50    40
    14    40
    39    49
     1    46
    16    15
    39    28
    33    20
    25    36
    44    22
    49     1
    13    23
    29    31
    11     8
    15    35
    36     3
    36    42
    36    42
    39    25
    24    36
    41    12
    41     9
    40    13
    31    38
    14    29
    17    37
    22    19
    18    11
    19    46
     6    42
    32    11
     6    14
     1    36
    35    30
     2    49
    50    44
    44    49
    37    41
    24    30
    42    48
    24    40
51
