60
   46     2
   41     9
   24    35
   25    14
   27    44
    4     6
    8     9
   37    37
   26    47
   12     8
   44     7
    3    12
    1    15
   14     7
   37     7
    2    17
   14    48
   41    18
   37    50
   26    38
   36     2
   28    17
   44    40
   35    49
   42     8
   24    26
   34    48
   29    42
   18    43
   17    13
    2    13
   42    33
   35    29
   26    16
   30    28
   33     9
   29    18
    2    45
   17    46
    6    21
   40    22
   20    14
   31    44
   45     5
   48    15
    1    29
    2    14
   30     4
   18    20
   29    38
   11     7
   22    18
   17    21
    9    19
   47    21
   46    25
    9    16
   14    12
    1    35
   28    38
173
