5000
    46     4
    19    48
    20     4
    50    13
     6    28
    41    44
    20     1
    10     8
    45    19
    33    20
    45     8
    45    33
    13    46
    42    16
    21    11
     2     1
     8    31
    32    46
    37    47
     6     8
    20    37
     5    44
     2     6
    14    31
    43    15
    13    32
    38    20
    20    36
    32    10
    11    21
    43    48
    46    50
    22    40
    47    17
    18    44
    35     9
    41    48
    37     3
    39    10
     8     9
    20     1
    42     2
    18    30
    27    34
    23    31
    25    47
    13     8
     1    26
    43     9
    36    18
    35     7
    39     2
     1    39
    29    14
    32    31
    18    38
     1     9
    42    31
    12    22
    37     4
    48     9
     4    37
    16    30
    48     3
    49    30
     3    40
    11    15
    20    15
     3    20
    38    20
    17    22
     5    28
    31     6
     4     3
     7    42
    18     7
     2    15
    15     1
    20    37
    18    33
     3    16
    18    22
     6    49
     4    22
    17    26
    27    38
     2    34
     9    40
    34    30
    21    25
    46    47
     2    39
    36    27
    23    22
    22    50
    37     7
     1    17
     4     3
    41    14
    15    28
     1    21
     4    22
     3    48
    16    38
    15    41
    15    34
    24    15
     1     5
     2    35
     7    37
     8    45
     4    13
     2    19
    12     9
    20    27
    21    17
    35    43
    27    15
    20    11
    35    29
    26    14
     7    17
    40    32
    37    39
    48     3
    11     1
    39    24
    22    10
    12    41
    13     5
    35     6
    37    15
    18    47
    41    20
    40    43
     8     2
    21    49
    40     3
    11    16
    10    40
    28    33
    39     1
    26    11
    10     1
    42     3
    13    30
    19    20
    13    31
     7    45
    41    30
     1    43
     7    41
    30    12
    30    14
    37    10
    24     4
    18    40
    27    21
    30    38
    21    13
    23    15
    42    25
    36    30
    21    16
     3    35
    13    24
    29    25
    16     2
     8     4
    11    43
    11    35
    48    22
    30    47
    26    12
    21    21
     2    27
    39    16
     6    17
    28    16
    15    38
    25    37
    14    11
    21    44
    29    34
    25    15
    50    35
    49    24
    12    31
     4    22
     5    29
     7     2
    42    31
    20    46
    26     4
    32    17
    14    28
    41    24
    10    40
    15    13
    50     9
     6    35
    12     3
    18     5
    44    33
    36    31
    17    17
    41    36
    18    40
     4    21
    33    49
    13    20
     1    48
    35    31
     9    31
    24    40
     1    33
    27    16
    41    38
    20    23
    43    42
    32    10
    31    39
    38    11
    37    22
    13    28
     2    26
    20    15
    20    27
    31    43
    25     3
     8    27
    33    42
    18    49
     4     4
    24    13
    37    36
    11    21
    35    49
     8    43
    15    41
    39    23
    37    15
    42    47
    14    21
    38    48
    46     5
    48    38
    15    14
     3    12
    32    46
    18     7
    36    11
    14    49
    43    28
    33     3
    11    19
    48    26
     4    16
    13    31
    31    33
    27     9
    14    37
    18     7
    30     7
    13    21
    31     4
    50    42
    11    42
    33    29
    29    49
    32    50
    41    39
    46    40
    11    49
    46    13
     7     8
    20     9
     1     4
     9    33
    43    30
    20    25
     3     6
    35    47
    31    15
    23    38
    28     1
     8     7
     1    49
    13    13
    24    15
    21    44
    25     4
    42    26
    39    40
    42    23
    13    35
    11     6
    21    24
    11     4
     9    34
    14    26
    37     7
    36     4
    18    45
    46     5
     3    22
     9     9
     3    25
    19    14
    18    33
    46    50
    10    30
    30    40
    14    42
    48     8
    16    32
    25     3
     3    45
    24    34
     7    33
    18    24
    17    43
    41     8
    38    22
    13    17
     3    43
    16    26
     5    37
    45    44
    18    43
    25    10
    48    47
    48    29
     4     8
    33    14
    26     5
    11    23
     7     3
    16    50
    14    24
     1    49
    46    28
    35    24
    42    48
    47    46
    25    25
    41    32
    25    30
    34    41
    26    21
     7    34
     1    26
    38     8
     1    46
     6    40
    33    23
    23    47
    20    31
    34    35
    41    30
    20    42
     6     3
    49    31
    35    38
    25    50
    23    47
    17     3
    23    32
    13    31
    35    25
     4    40
    24    50
    36    48
    22    40
     8    16
    31    47
     3     9
    36    16
    40    48
    46    25
    23    31
     9    49
    15    16
    26    43
     2    19
    42    39
     5    13
    38    46
     6    24
    22    34
    26    13
    22    11
    49    21
    18    16
    24    28
    31    31
    32    46
    26    46
    36    44
     6    49
    24    40
    27    19
    42    42
    39    27
     3    18
    20    20
    44    28
    47    46
    46    26
    44     6
    24    33
     8    43
    48    45
     5    15
    39    41
    36    36
    23    31
     7    26
     6    50
     7    46
    33     7
     5     3
     4    27
    49     4
    37     8
    36     9
    24     8
    37     6
     5    10
     8    48
    37    39
    35     2
    50    24
    14     5
    10    15
    35    45
    38    36
    20    34
     7    36
    34    29
    35    26
    11    36
    21    34
    41    30
    41    27
    36    44
    41     9
    17    23
    15    17
    38    25
    48     5
    25    11
    44    27
    15     1
     7    48
    16    16
    48    17
    16    48
    29    23
    19    30
     8    41
    44    14
    18    39
    40    30
    48    26
    34     2
    46     8
    34    16
    22    44
    35     9
    18    20
    41    37
    50     4
    40     6
    43    10
     3     1
    50    47
    26    24
    25    17
     2     9
    31    35
    41    49
    46    27
    32     6
    16    11
    19    33
    24    40
    50     2
    11     9
    25     5
     1    39
    39    13
    42    11
    21    33
    17    39
    20     2
    34    31
    35    49
     2    22
    39    40
    49    11
    49    24
    18    45
    49    27
    19    43
    11    17
    14    35
    16     1
    14    37
    31    49
     9    42
    19    36
    23    26
    10    16
    47    15
    24    16
    49    44
     5    25
    20    27
    42    50
    10    47
    41    13
    34    22
    36    24
    19     1
    47    48
    16    23
     7     8
    33    37
    11    29
    18    41
    14    42
    34    20
    18    47
    12     5
    23    16
    48    27
    44    22
    36     2
    11    28
    25    27
     6    28
    23    13
    32    24
    50    28
     7     4
    16    15
    37    12
    39    14
    41    22
    35    18
    14    27
    14    47
     4     5
     5    35
    48    11
    39     2
     4    37
    10    40
     7    23
     3    17
    24    23
     9    50
    19     4
    24    46
    42    33
     2    19
    17    29
    25    25
     7    33
    28    12
    38     3
    25    12
    19     6
    38     9
     9    47
    48     3
    15    33
    26    35
    31    12
    18    36
    44    41
    26    41
    17    28
    39    35
    42    48
    40    34
    11    44
    36    27
    24    23
    45    19
    34    27
    19     6
    27    15
     3     4
    49    23
     8    17
    28    42
    18    12
     2    16
    27    48
     6    37
    18     6
    45    33
     3     4
    28    29
     8    26
    36    47
    39    20
    26    49
     5    32
    45    33
     6    37
    16     6
    37    46
    28    46
    21    41
    15     5
    47     4
     3    16
    32    35
    27    25
     9    19
    22    44
    14    33
    50     1
     6    18
    40    31
     7    20
    40    16
    24    36
    38    12
    47    48
     6    43
    22    14
     9    49
     7    27
    28     8
    19    37
    28     1
    11    12
    34    27
     3    44
     1    32
    34     1
    35    12
    38    13
    14    12
    30    22
    50    40
    14    29
    20     6
     6    10
    21    37
    39    31
    46    30
    37    49
     5    36
    23    10
    50    17
    29    36
     2    17
     8    20
    40    46
    28    44
     9    20
    43    21
    29    47
    21    42
     1     8
    50    37
    43    35
    44    34
    43    37
    21     3
     3     8
     6    25
    17    42
     4    32
    16    28
    32    33
    49     2
     3    38
     1     3
    32    21
     9    14
    37    37
    37    33
    31    22
    39    18
    33    11
    27    34
    20    22
     4    31
    35    19
     6    21
    12    11
     1    13
    37    46
     3     2
    49    21
    41    22
     5    27
    33    32
    37    39
    34     7
    49    44
    42    47
    12    42
    40     1
    23    32
    38    25
    24    24
    30    24
    27    20
    24     6
     8    23
    17    23
    13    38
    46    29
    10    35
    24     1
    50    46
    18    33
    32    18
    40    35
    47    40
    27    46
    50    16
    36    10
    34    25
    31    27
    19     3
    26     2
    40    38
    32    22
    40    15
    47    30
    21    41
    31    30
     8     1
    19    14
    13    39
    43    38
    14    38
    40    13
    33    36
     1    11
    29    40
    27    47
    19     7
    39    35
    49    21
    32     6
    18    11
    11     1
    20     9
    35    19
    46    16
    38    35
    26    41
    35    32
    24    13
    13    15
    41    28
    20     1
    27    38
    27     2
     9    41
    30    45
    23    44
    41     6
     7    17
     6    33
     5    32
    30    31
    48    36
    13    24
    30     3
     9    29
    45    43
    30    19
     5    20
    13    22
     7    28
    47    14
    41    20
    22    22
    31     2
     7    25
    23     3
    40    24
    46    45
    28    28
    11     1
    46    37
    40    20
    16    26
     8    24
    28    18
    28    40
    34    19
    33    33
     3    41
    25    24
    49     9
    24    19
    47    43
     3    13
    33    41
    16    41
    50    21
    46     1
    30     5
     1    38
    38    18
    26    27
    14     5
    12    29
     9    33
     7    15
    27     6
     8    37
    33    44
    29     7
    27    34
    18    40
    33    37
    34    12
    12     8
    30    14
     3    46
    20    11
    49     9
    50    36
    20    39
    10     1
    11    25
     6    25
    45    39
    33    49
    48    11
    24    29
    20    25
     4    43
    31    46
    38    32
    36    28
    37     5
    27    12
    10    34
    40    19
    26    32
    49    39
    27    42
    15     3
    27    12
    48     1
    17    31
    50    10
    39    39
    48    37
    17     9
    37     6
    49    15
    19     2
    44    17
    42    36
     3     1
     8    41
     4    42
    25    40
     4     5
     8     3
    20    26
    29    18
    35    38
     5    35
    44    15
    50    21
    41    47
    10    40
     7    37
    26    38
    15    13
    42    43
    32    27
    42    48
    44    23
    19    20
    12    22
    47    39
    32    42
    24    40
    43    17
    32    17
    19    30
    48    24
    37    43
    12    39
    48    48
    46     2
    23    38
    49    45
     2    48
    18    25
    41     1
     7    21
     8    18
    10    22
     5     3
    50    32
    15    10
    21    10
    49    15
     9    43
    12    19
     7    33
    29    18
    44    19
    19    44
     5    30
    43    26
    27    32
    25    36
    38    10
    25    28
    40    34
    29     3
     2    44
    14    21
     7    49
    27    41
    35    13
     5    33
    27    22
    47    16
    38    46
    39    27
    41    29
    35    37
    41    18
    32    27
    30     5
    46    16
    14    38
    25     8
    32    28
    19    11
    23    13
    26    14
    17    20
    29     8
     6    24
    41    44
    22    32
    50    39
    25    45
    11    18
    49    34
    14    33
    28     3
    17    35
     6    20
    42    33
    13    17
    41    40
    50    24
    28    24
    10    47
    17    42
     9     3
    12    25
    48    32
    45    10
    34    33
    48    12
    10    47
    19    11
    49    37
    24    43
    36    38
    48    11
    12    14
    50    25
     7    16
     8     4
    10    40
    17    16
     3     5
    13     4
    27    16
    26     8
    32     3
     4    44
    25     7
    27     9
    22    45
    36     6
    48     2
    37     3
    47    18
     2    17
    49    17
    20    23
    37    39
    12     5
    22    33
    21    41
    45    42
    25    41
     9    20
    37    26
    48     1
    10    28
     1    20
    32    40
    40    37
     4    13
    47    45
    15    38
    15    38
    13    19
    46    26
    33     3
    36     9
     5    15
    37     5
     5    32
     7    21
    31    32
    47    36
    34    32
    21    24
    29    39
    50    24
     5     5
    13    50
    15     7
    39    42
    47    14
     7    37
    10     6
     9    20
    37    11
    11    19
    41    49
    40    29
    23     5
    27    24
    36    24
    24    18
    48    37
    23    41
    19    42
    41    23
    41    49
    18     4
    10    35
    43    17
    26    50
    23    38
    50    41
     8    27
     3    46
    32    35
    16     2
    14    29
    47    38
    32     3
    11     8
    41    31
    19    19
    15    47
     2    45
    38    18
    28    23
     3    29
    47    36
    10    22
    36    18
    46    30
    38     4
    17    27
    14    48
    41    29
    50    46
     9    28
    11    45
    48    25
    46    18
    19    23
    44    14
     9    37
     3    21
     7    10
    45    49
    24    25
     9    19
    15    37
    16    36
    38     9
    20    23
    39    22
    21    11
    23    49
    30    19
     6    29
    20    20
    46     9
    13    41
    15     9
    46    11
    21     3
    24    26
    22    45
    14    48
     1    12
    10     7
     5    25
    10    13
     3    48
    37    35
     6    18
    37    21
    19     1
     6    19
    46    10
     2    48
    25    12
    32    39
    37    41
    18    34
    45    15
    20    41
     9    24
    24    45
    35     2
    43    26
    31    24
     2    43
    49     6
    28    36
    31    35
    19    18
    43    14
    48    25
    28    45
     2     6
     9    39
     9    24
     9    23
    50    32
    22    32
    23    17
    41     7
     9     3
    20    23
     1    10
    13    41
    38    34
    38    32
    23    34
     4     1
    16    30
    33    27
    44    22
     8    34
    39    47
    32    27
    24    23
    19    11
    44    11
     8    19
    14    11
    40    37
    47    46
    42    14
    30     3
    25    35
    22     9
    36     7
     8     6
    34    41
    15    15
    11    42
    23    47
     6    21
    27    27
    43    17
     8    12
    12    32
    24    44
     7    19
    32    35
    49     7
    18    32
    13    44
    14     9
     5    36
    44    16
    43    46
    23    13
    32    21
     8    45
    27    14
    32    23
     3    14
    47     3
    44    25
    35    16
    11    22
    42    35
    50    25
     3    14
    36    42
    24    20
     9    19
    43    32
     1    37
     2    34
    12     5
    22    28
     4    46
    48    27
    38    41
     6    44
    12    22
    12    14
    47    13
    14     9
    21    33
    17    21
    30     4
     6    39
    12    23
    18    29
    31    18
    43    27
    14    32
    21     5
     1    40
    39    47
    14    33
    50    49
    31    41
    14    23
    50    39
    29    49
    25    18
    13    30
    11    11
     4     5
    24    12
    29     3
     5    36
    34    13
    24    10
    47    13
    43    38
    31    42
    41    39
    38    33
    39    30
    24    35
     8    20
    13    50
     2    27
    47    18
    26    20
    19    39
     9    50
    31    27
    34    30
    18    20
    26    42
    20     6
    27    40
    33    43
    50     8
    18    47
    27    13
    11    42
    50    33
    16    19
    46    28
    39    16
     7    43
    14    18
    13    43
    27     6
    19    41
     9    16
    34     3
    42    46
    29    21
    33    47
    10    31
    30    14
    48    28
     9    25
    28    41
    42    44
    31     1
    35    29
    33    14
     1    11
     9    18
    41    17
     5     3
    42     2
    34    18
    19     6
     1     1
    42    23
    10    32
    27    48
    21    27
    29    28
     5    23
    30    31
    45    44
    31     9
    22    23
    28     7
    18     9
    20    38
    11     9
    34    26
    44    32
    20    18
     2    33
    20    48
    47    50
    43    41
    18     7
    29    43
    26     5
    18    24
    48    33
    43    40
    13    15
    32    39
     2    26
    43     2
    18    41
    12    37
    28     2
    49    43
    40    47
    39     1
    31    11
    33    46
    40    42
    27    38
    32    42
    50    32
     9    22
    35    44
    15    24
    22    14
    18    39
    21     3
     1    33
    26    25
     6    21
    16    21
     2    24
    22    15
     7    38
    45    19
    24    37
    10    48
    17     4
    43    24
    12    20
     2    22
    20    31
     7    39
     2    42
     6     3
    25    40
    43     8
    17    41
    47    30
    30    50
    49    50
    29     3
    29    15
    33    37
    12    39
    28     8
    37    47
    26    48
     7    28
    37     3
    29     8
    23     9
    39    40
    19    36
    43    17
    28     5
    22    33
     4    26
    33    18
    40    23
    21    14
    39    39
    30    25
    13     8
    29    28
    48    40
     5    32
    23    31
    33    38
     1    26
    10    15
    48    24
    37    28
    21    40
    26    35
    25     4
    40    39
    17     9
    29    38
    12    20
     3    49
    14    45
    36    24
    28     1
     9    17
    17    13
    41    20
    50     2
    17    26
    38     6
    40    14
    20    23
    25    49
    47     8
    34    44
    18    27
    48    35
    30     4
     4    35
    24    36
     4    29
    15    44
     5     7
    46     1
    44    30
    49    28
    47    13
    41     4
     5    19
     8    41
    25    25
    11    33
    22    47
    48    20
    25    32
    19     1
    42    37
    12    49
    24    28
     9    34
    25    16
    19    38
    33    42
    23     2
     5    45
    34    14
    32    18
    49    13
    25     3
    44    17
    29     1
    15    48
     2    42
    10     7
    18    45
    18    32
     4    43
    11    30
    28    32
    31    14
     6    36
    29    12
     9    26
    41    33
    16    27
    36     7
     8     8
    36    10
    32    21
    15    39
    25    25
    48    49
    50    14
     1    12
    38    32
    27    44
    37    47
    22    22
    30    29
    36    19
    22     6
    29    36
    41    29
    24    26
     9    25
    24    23
     7    32
    29    36
    17     4
    33    48
    48     6
    23     5
    11    19
    17    47
    27    45
    36    49
    27    33
    42    24
    22    19
    10    45
    19     2
     2    33
    22    32
     5    13
    42    24
    47    26
    14    42
    16    19
    33     8
    30    38
    32     2
    27    17
    15    45
    11    26
    32    24
    19    18
     5    14
    39    20
    32    29
    15    25
    30    30
    18    29
    41    16
    29    22
    13    25
    34    45
    33    26
    46    34
     7    15
    48    50
    17    48
     5    32
    37    28
    33    44
    29    34
    20    10
    42    14
    13    43
    35    28
    30    20
    45    19
    36    27
    48    12
    42    12
    25     5
     6    42
    35     6
     6    17
    18    13
    12     5
    47     5
    46    22
     2    15
    46     4
    41    17
     2    23
    42     8
     2    30
    15    30
    47     6
    13    21
    44    20
    31    32
    40     4
    45     6
    33    33
    41    14
    43    50
    46    34
    16    30
    19    25
    38    50
    42     9
    26    20
    32    20
    38    17
    50    18
    30    32
    27    30
     9     2
    19    29
    11    12
     1    50
    42    14
    25    34
    41    17
     4    36
     6    19
     7    33
    43    33
    32    47
    28    50
    44    35
    16    31
    43    19
    11    21
     1    29
    40    30
    42    43
    26     4
    32     2
    11    44
    39    39
    13    39
     2    48
    37    48
     5     5
    45    50
    28    41
    34    31
    17    23
    45    31
     6    23
    26    11
    10    11
    13    39
    49    22
     3    33
    40     2
     7    45
    31    29
    37    13
    48    15
    11    41
    46    47
    21     8
    24    20
    32    47
    23     5
    20     2
    34    48
    50    20
    38    21
    17    12
    18    49
    26    44
    15    23
    19    29
    18    11
    11    20
    38     3
    26    10
    35    19
    26     5
    10    20
    23    11
    34    29
     6    19
    16    44
    48    47
     6    39
    24    35
    15    38
    37    15
     5     3
    16    32
    47    22
    29    37
    22    50
    39    32
    39    45
    31     2
    24    37
    39    32
    26    23
    18    15
    30    24
     7     2
    36    19
    14    24
    14    11
     4    50
    43     1
    42    38
    27    33
    16    31
     7    35
    36    30
    22    37
     9    31
    35    46
    13     8
    10    50
    37    42
     9    27
     5    25
    28     1
    20    39
    26    40
    35    45
    32     8
     6    24
    20    26
     6    48
    13    13
    17    17
    27     8
    34    13
    11    14
     3    46
    23    17
    38    46
     5    42
    39     1
    19    28
    43    50
    33    14
    50    10
     6     9
    42    24
    11    37
    32    47
    41    13
    20    21
    40    40
     8    13
    33    19
     3    38
    21    31
    27     1
    17    32
    29    21
     9    38
    14    27
    48     4
     9    13
    19     3
    48    21
    29    25
    25    45
    23    22
    16    38
    14     5
    35    47
     4    30
    48    10
    11    38
    49    36
    11    45
    20    33
    32     8
    23    33
    50    16
    36    45
    14    40
    11    34
    24    39
    23    25
    35    29
    48    49
    50    13
    15    49
    20     2
    22    25
     1    27
    47    34
    37    46
    36    21
    42    35
    15    42
     2    28
    45    36
    21    29
    41    13
    41    42
    37    49
    35    42
    37    37
    50     1
    34    41
    18    23
    16    40
    34    36
    31    27
    28     1
    29    12
    44     5
    33     6
     3    30
    40    31
    41    24
    26    47
    13    45
    28    43
    11    47
     5    12
     7     2
    45    12
    18    24
    36    14
     4    40
    32    20
    13    41
    29    18
    14     3
    24    28
    26     1
    39    12
    49     9
    37    35
    20    49
    10    24
    30    30
    38    36
    48    12
    15     1
     8    48
    33    37
    20    26
    50    38
     5     4
    48    27
    23    30
    39    23
     2     2
    47     8
    41    39
    39    33
    28     3
    10     1
    39    22
    48    22
    44     9
     5    13
    16    26
     7     6
    10    25
    29    40
    28    10
    38    26
    40    43
    16    21
    18    45
     9    29
    41    45
    20    32
    35    50
     3    19
    50    17
    48    47
     4    12
     2     9
    50    22
    41    20
    40    14
    25    41
    40    40
     6    44
    16    26
    38    37
    43    42
    48    40
    18     2
     4     2
    35    11
    16     2
    49    25
    29     3
    21    36
    14    25
    13     7
    23    11
    42    19
    22    11
    33    13
    48    25
     6    29
     3    34
     8    16
    25    41
     7    50
    46     5
    10    33
    41    27
    39    35
     5    19
    17    23
    38    26
    21    14
    39     5
    20    44
    44    37
    38    19
    44    32
    25    32
    24    35
     1    44
     7    39
     4    21
    43    46
    20    45
    31    28
    11    26
     6    46
    27    39
    27    30
    32    26
    17     1
    21    28
    41     5
     2    34
     1     4
    20     5
     6    35
    48     3
    19    39
    42    21
    21    32
    19    39
    47     9
    29    11
    26    11
    30    34
    27    41
     5    45
    17    46
    14    38
    46    50
    10     9
    43    42
    33    36
     5    47
     9    41
    25    20
    35    10
    30    29
    29    39
    21    15
    19    20
    44    29
    30    15
     4    38
    20    16
    45    12
     4    14
    38    48
    31    23
    45    20
    15    39
    13    30
    12    39
    24    32
    43    41
     5    11
    42    33
    41    38
     8    33
    42     4
    20     1
    11    30
     9    37
    14    44
    15    13
    30    41
    24    24
     4     5
    47    28
     9    28
    49     7
    47    49
    37    44
    40    36
    43    25
     1    34
    41    43
    40    47
     1     6
    42    27
    37    42
    45    44
     2    28
    45    14
    43    24
    47    26
    35    47
     1    30
    30    18
    42    15
    45    47
    23     9
    11    30
     6    20
     6     3
    31    33
    14    12
    18    27
    17    47
    22    13
     7    16
    38    34
    21    31
    21    44
    21     4
    37    39
     6    37
    12     2
    27    19
    38    33
     4    21
     3    39
    50    23
     1    49
    37    48
    31    15
    40    17
    35    44
     1    24
    10    43
     4    22
    23    10
    40    22
    27    18
    29    39
    23     8
    21    16
     2    25
    38    46
    44    24
    35    27
    13    40
    13    15
    37    21
    39    47
    33    43
     2     4
    23    49
     5    10
    31    16
    14    33
    41    18
    30    12
    31     1
    42    31
    40     3
    15    46
     5    28
    18     3
    36     6
    33    48
     2     1
    16    49
     6     2
    36    35
    42    26
    11    43
    34     1
    42     8
    43    15
    16    12
    44    41
    28     4
    10    44
    22    36
    48    29
    41    44
    48    33
    43    36
    46    19
     7    48
    30    35
    39    29
    14    22
    17    42
    30     3
    35    18
    30    12
    18    25
    22    35
    43     2
    50     5
    29    20
    36    35
    11    18
     1    46
     5    49
    40    28
    37    17
    26    40
     8     4
    42    36
    27     1
    40    18
     2    21
    45    23
    22    26
     3     4
    22     1
    29    22
    31    10
    24    35
    31    22
    31    42
     8    48
    31    32
    24     5
     6     4
    18    39
    13    30
    24    39
    32    19
    22    45
    21    37
    30    29
    24     1
    15    50
    31    33
    19    12
     8    28
    49     2
    37    49
    27    33
    43    36
    16    48
     6     6
    10    29
    44    46
    25    11
    32    48
    28    16
    24    22
    20    33
    21    34
    24    47
    27    30
     1    22
    30    41
     2    48
    17    29
    25    19
    13    48
    38    25
    20    13
    46    13
    42    28
    14     8
    40     9
    44    43
     2     4
    37    19
    26    13
    17     4
    27    23
     3    29
    27     4
    32    25
     2    42
    13    25
    14    35
     9    30
    26    36
    13    12
    49    10
     4    45
    44    19
     8    35
    40    19
    10    47
    21     3
    23    20
    12    50
    31    35
     3    14
    40    39
     2    37
    38    46
    31    34
     9    30
    47     2
    24    30
    12    31
     3    45
    34     4
    25    22
    44    45
    10     1
    22    25
    24    11
    27    50
    17    32
    44    29
    42     8
     9    44
    40    40
    48    32
    44    20
    30     3
    22    45
    28    24
    25    41
    26    47
    23    19
    41    44
     6    10
    35     5
    40     1
    37    18
    36    41
     6     1
     2    43
    28    46
    33    23
     1     7
    49    31
    37    45
    17     5
    13    13
     6    24
    20    40
    14    15
    25    45
    46    22
    36     5
    49     7
    27    41
    18    21
    20    32
    50    47
    22    47
    50    10
    47    40
    39    43
     4    24
     5    10
    28     2
    35    22
    25    19
    40     5
     6     5
    18     5
    23    33
    33    26
     1    44
    34    14
    18     1
    23    37
    28    25
    16    34
    22    24
    32    37
     1    17
     9    12
    10     6
     2    10
    18    47
     8    36
    44    40
    45    15
    40    33
    46    41
    42    35
    39    17
    48    31
    15    14
    15    31
     3     2
    10    28
    43    22
    21    21
    30     5
    36    21
    44    17
    48    29
    36    14
    16     4
    44    21
    13    29
    23    48
    43     3
    35    32
    43    29
    40    47
    28    29
    40    50
     2     8
    22    13
    46    46
    43    25
    11    13
    43    35
    10     5
    20     1
    25    30
    43     3
     7    47
    12    35
    33    35
    19    42
    25    47
    49    17
     1    17
    17    32
    14    45
    18     8
    10    34
    47    25
    39    14
     1    29
    24    28
    38    17
    48     2
    17    29
    44    37
    31     2
    49    13
    16     8
    28    16
     5     8
     9     9
    43    48
    30    23
    38     6
    16    12
    14     2
    26    33
    34    14
    46    46
    38    49
    20    20
    16    15
    35    43
     7    17
    28    25
    41    12
    38    35
     9     6
    37    32
    25     6
    35    41
    44    13
    37    49
    16    40
    11     3
    38    48
    29    47
    47    25
    14    27
    39    27
    22    42
     3    26
    48    18
    32    31
     7     7
    29    33
    41    40
    11    17
    29    48
    50    25
    48    18
    38    36
    23    45
    10    13
    36    50
    35    37
     8     5
    34     9
    43    42
    27    18
     1    42
    30    38
    33    44
    22    38
     6    17
    29    13
    23    20
    11    38
    37    35
    37    23
     1    16
    12    41
    14    17
    14    31
    25    16
    22     6
    33    39
    31     3
     1    43
    31    48
    29    32
    43    21
    39    35
    18    13
    18    13
    49     9
    48    48
    41    24
    31    28
    17    12
    40    11
    20    31
    25    33
    30     4
    13    34
    35    27
    38    41
    12     2
     1    17
     5    43
    38    44
    34    26
    10     1
    46    37
     1    24
     1    29
    36    49
    39    31
    12    36
    20    22
    42    36
     6    12
    17    30
     4    48
    43    16
    24     7
    31    44
    43     6
    14    39
    19    32
     8    25
    24    16
     9    16
    34    47
    45    28
    45    27
     7     8
    19    21
    29    49
     7     4
    19     1
    40     6
    21    15
    31    23
    14    31
    41    14
     2    41
    10    43
    44    19
    11    26
    28    39
    10    33
    41    13
    43     2
    28    50
    31    15
    24    37
    39    14
    19    33
    50    27
     6    19
    49    20
    19    25
    29    24
    23    34
    29    15
     1    13
    29     5
    20    50
    27    26
    36    22
    24    10
    41    30
    31    16
    16    43
    38    49
    29    39
    14     7
    19     1
    19    29
    13     4
    31    17
    29     9
    12    41
    28    20
    32    46
    11    19
    26    15
    22    28
    21    45
    50    43
    31    47
    50    21
    24    13
    42    31
    42     3
     7    48
    14    44
    18     5
    41    21
    40    25
    17     4
    31    13
    13    28
    42    23
    45    34
    47    25
    41    19
    38     7
    16    29
    12     9
    24    35
    31    38
    43     1
    35    21
    36     6
    17    40
    35    45
     4    29
    39    15
    32    48
    38    29
    14    25
    24     6
    13    22
    18    12
    23    33
    17     9
    30    17
    37     5
    21    45
     5    16
    41    12
    17    38
    49    46
    43    27
    42    34
    26    18
    38     7
    22     2
    35    20
    10    24
    25    27
    14    37
     1     9
     3    10
    47    39
    42    29
     4     2
     4     4
    20    44
     7    42
    38    21
    35    13
    41    10
    17    14
    39     2
    45    38
    22    18
    19    27
     8    38
    49    25
     6    36
     5    18
    27    30
     3    50
    23    12
    12    38
    15    47
    30    13
    37    49
    47    30
    28    41
    35    21
    43    22
    35    25
     3    49
    34    47
    17    32
    46    33
    13    37
    13    48
    45    38
    44     2
    46    31
    27    48
    15    44
    47    40
    26    30
    46    19
    16    43
    50    16
    11    45
    14    12
     8     5
    12    30
    44    31
    18    39
    38    50
    42    10
     3    27
    24    18
    47    40
    16    46
     3    40
    15    23
     3    18
    39    22
    50    18
     6    35
    43    29
     5    22
    31     6
    41    27
    16    39
    26    36
    27    23
    12    18
    31    36
    40    40
    36     1
    21    48
    13    30
     8    21
    39    41
     4    17
     6    28
    14    43
     9     4
    26    33
    12     3
     7     9
    39    32
    46    45
    22    50
    28    37
     6     4
    21    34
    11    19
    22    26
    37    29
    23    22
    11     8
     1    31
    26    38
    28     6
    27     7
     2    19
    19    44
    21    46
    33     1
     1    33
    31    46
     8     6
    41    12
    22    49
     4    29
    29    39
    24     4
    15    10
    40    10
    23    38
    24    46
    21    24
    35    44
    24     2
    34    23
    41     5
    32    28
    24    19
    31    41
    48    18
    13    36
    19     7
    13    22
    46    16
    46    35
    42    46
    38    26
    44    43
    18    42
    13     1
    47    11
    23    33
    28    37
    19    44
    29    48
    40     2
    36    23
     9    22
     3    16
    35    12
    17    39
     6    27
     9    47
    31     4
    45     5
    17    40
    31    32
    21    37
    29    11
    32    11
    34     8
    16    35
    48    46
    34    17
    18    20
    45    29
    29    24
    50    16
     5    26
    48    33
    32     4
     6    25
    34    15
    43    14
    49    23
     3    23
    15     3
    48    25
    38    36
    29    17
    28    34
    44    19
    41    27
     1     9
     6    25
    23    40
    17    21
     5     1
    33    18
    37    32
    13    18
     8    41
     8     9
     2    39
    48    36
    27    12
    15    43
    20    28
    16    46
    18    11
    16     2
     2    10
     9    25
    39    19
     6    28
    35    17
    46    27
     6    27
    15    34
    24    23
    14    37
    29    15
    20    29
    29    32
     2     2
    18    39
    50    45
     4    23
    29    34
    10    41
    27    17
    17     5
    48    47
    49    22
    27    20
     7    15
    37    26
    20    35
    50    20
    49    29
    39    31
     2    23
     2    48
    10    35
    12    14
    31    39
    11     5
    41    35
    44    34
    10    27
    49    43
    32    26
     2     3
     5    33
    49    22
     2    12
    32     2
     5    20
    30    41
    22     1
    18    27
     6    13
    18    12
    29     1
    37    19
     5     8
    47    31
    15    26
    41    31
     1    43
     2    43
    28    48
    10    12
    18    37
    25     7
    35    43
    23    43
    13    17
     5    24
    39     1
    27    25
    20    20
    41    35
     1    35
    27    49
    49    20
    45    17
    49    11
    41    13
    20    36
    50    42
    28    14
    46    47
    17     8
     5    50
    11     4
    26    25
    48    50
    41     1
    30    30
    11    14
    29    29
     2    37
    19    13
    32    26
    27    36
    45    28
    49    10
    46    29
    19    29
    32    30
    41    40
     5    42
    25    20
     8     3
     1    11
     9    13
    34    22
    36    17
     9     6
    38    12
    14    24
    30    17
    27    25
     4    22
     6     3
    22     8
    24    33
    19    35
    27    23
    15     3
     2    12
    19    49
    18    30
    20     3
    38    44
    11    50
     5    16
    15    47
     6    15
    26     5
    45    32
     9    34
    44    38
    30    35
    11    12
    42    16
    42    43
    38    50
    38    50
    32    48
    46    19
     1    19
    25    35
    31    23
    50    30
    38     3
    37    47
    24    40
     8    33
     2    18
    32    19
    41     6
    37    21
     5     5
    24    26
    14    21
    44    44
    49    30
    20    20
    15    15
    13    31
    41    25
     7    11
    32    41
    50    16
    40    17
    42    31
    29    11
    21    22
     8     7
    43    37
    41    40
     8    28
    26    21
    45    33
    29    31
    40    16
     1    29
    48    25
    49    19
    13    40
    47    33
     1    45
    26     1
    46    30
     7    40
    43    22
    41    18
    28    37
    26    39
    26    21
    44     3
    23    20
    37    22
    23     1
    39    26
     1    25
    48    28
     6    35
     2    18
    50    18
    23    30
    39    25
    34    21
    17    47
     9     1
    28    29
    18    49
    49    41
    42    13
    39     7
    44     8
    27    45
     3    21
     1    36
    16    49
    33     2
    31     6
    27    21
    37    39
    43    38
    18    36
     5    30
    19     5
    42    33
    42    25
     7     1
    43    25
    10    49
     6    13
    16     3
    29    33
    35    40
    48    14
    44    43
    15    29
    11    27
    28    41
    40     5
    14    18
     1    23
    24     9
    17     5
    45    25
    26    39
    16    19
    46    31
    15    36
    28    19
     4    15
     5    24
     2    49
    27    32
     8    42
    48    20
    37    20
    38    39
    38    43
    26    14
    14     1
    19    15
    26    18
    37    45
    48    47
    16    45
    45    44
    37    22
    38    36
     9     5
     6    10
    40    23
    25    13
     4    37
     3    10
     2    43
    23    35
    41     1
    11    27
    28    11
    47    46
    35    22
     9    15
    31    46
    42    21
    31     7
    18    28
    11    43
    48    28
    21     5
    45    13
     2     2
    40    49
    24    33
    15    37
     1    19
    31    16
    27     3
    48    13
     2    45
    36    29
    13    30
     7     7
    45    29
    34    12
    43    38
    19    33
    12    30
    45     2
    24    13
    24     4
    39     8
    44    41
    49    26
    32    48
    21    29
    46    19
    35     4
    12    20
    28    26
     4     5
    36    40
     6     9
    11    39
    37    41
    47    27
    21    33
    20    11
    36    14
    13    43
    16    42
    38    47
    13     9
    17    39
    25    24
     3    24
    46    26
    27    33
    42    11
    32    12
    48    50
    42    26
    21    49
    41     5
     4     8
    22    25
    14    36
    32    22
    44     6
     4    28
    39     3
    46    32
    49     7
    18     6
    12     8
     8    40
    27     8
    30    39
    46    13
    25    35
     8     4
    14    48
    49    15
    21    24
     7    46
    28     4
    11    50
    21     3
    36    42
    40    17
    42    43
    26    24
    16    33
    13     5
    44    26
     3    21
    36    17
    14    26
    16    11
    24    42
    12     3
    16    30
    14     8
    49    17
    41    20
     3    36
     6    31
    37    47
    35    49
    42    49
    16    24
    38    43
    43    39
     4    16
     7    31
    45    19
    46     9
    40    38
    39    24
    22     7
    36    23
    28    34
    15     7
    42     5
    33    29
    32    16
     9    28
    49    48
    42    39
    33    49
     4    44
     9    19
     1    31
     1    41
    43    41
    25    12
    23    32
     5    21
    34    31
     2    36
    29     9
    41     5
    17     7
     7    26
    21     9
     4    32
    42    15
    12     9
    44    37
    47    12
    49     7
    38    21
     3    28
    16    33
    22    34
    28    35
    37    38
    34    43
    37    16
    25    49
     4    31
     1    24
    36    35
    41    26
    21    30
    45    19
    24    35
    28    22
    15    33
    17     1
    19    12
    35    13
     1    47
    13     3
    40     4
    48    25
     1    47
    42     8
    12    45
    38     8
    26    49
    30    38
    40    14
    47    12
    17    45
    18    43
    37     9
    28    23
    44    44
    34     5
     4    17
    14    29
    31    31
    25     3
    25    19
    40     6
    46    35
    50    18
    43    23
     2    18
    15    27
    49    25
    44    35
     3    50
    28    39
     1     1
    43    50
    48    48
    13    20
    44    30
    24    30
    26    27
     8     1
    44    16
    43     5
    42     4
    46    25
    36    25
    18    12
    27    16
    40    37
    26    40
    18    28
    34    49
    11    10
    45     5
    47    33
    15    27
    18    23
    17     7
    49    46
    18    12
     8     3
     5    18
    47    15
    44    26
    28    22
    23    38
    26     2
    31     2
    39     3
    20    20
    18    21
    44    11
    40    46
    43    34
    42    45
    41    27
     3    47
    44    12
    32    38
     3    15
     8     2
    38    10
    35    49
    29    30
    46     7
    22    47
    28     1
    44    30
    31     2
    26    10
    45     7
    34    31
    50    29
    10    25
    31    10
    50    15
     3    33
    31    48
     4     1
    45    38
    38    46
    24     4
     8     9
    26    21
     9    35
    24    42
     7    23
    32    30
    38    21
    16    24
    39    24
    10     9
     6    25
    14    50
    16     1
    37    38
    33    39
     6     6
    38    22
    37    10
    10    44
    45    10
    11    14
     9    16
    47    38
    42    41
    35    33
    31    48
     3    20
    43    10
    23    38
    50     7
    27    20
    23     7
    17    13
    20    40
     9    49
    44    32
    50    28
     9     7
    35    34
    15     3
     5    37
     7    14
    32    45
    48    48
    11    47
     2     8
    12    19
    13    27
    40    25
    41    42
    15     1
    42    11
    31    42
    21    19
    19    47
    49    34
    10    15
    21     3
    16    46
    35     3
     3    29
    28    37
     6    10
    25    47
    49     7
    17    42
    24    21
    23    33
    42    10
    41    23
    13    29
    19    44
     6    27
    11    30
     1    37
    26    26
    42    28
    31    19
    22     1
     5    13
     8    42
    18    35
     2    47
    14     3
     2    18
    21    22
     2    30
     1     5
    29     3
    19    23
    43    42
    49    19
    20     1
    42     1
     6    44
    30    48
    14    22
    25     7
    22    47
     2    15
    26    12
    28    22
    41    15
    32    49
    11    39
    50     9
     5    43
    45    40
    23     8
    22    29
    34    48
     4    14
    12    30
    40    37
    50    36
    15    15
    16    44
    24    18
    27    46
    30    25
    26    44
    17    30
    10    25
     6    39
    36    15
    28    28
    30    47
    27     7
     2     7
    20    27
     8    24
    12    10
    16    11
     8    30
    39    33
    17    43
    18    50
    44    42
     8    26
    31    32
     2    36
    41    23
    29    23
    39    28
    11    21
    23     3
    40    13
    27     6
     7    13
    29    49
    16    50
    11    32
    42    45
    18    24
    33    34
    33    30
    50     9
    29    43
    34     4
    18    41
    48     4
    49    45
    38     5
    50    43
    46    43
    22    32
     5    37
    48     4
     9    44
    33    41
    30    37
    28    15
    18    15
    37    40
    47    34
    30    20
     3    31
    11    36
    24    44
     5    25
     8    12
    45    15
    25    45
    20    33
    28    46
    36    21
    39    19
    13    42
     4    42
     9    14
    47    40
    49    25
    30    32
     1    33
    14    42
    43    26
    25    40
     6     7
    27    36
    23    44
    11    27
    26     1
    24    24
    49    49
    11    45
    38    31
     2    30
    25    10
    40    14
    37    25
     6     3
    14    47
    17    48
    32    33
     7     9
     1    35
    22     9
    44    28
    18    45
    38    26
     8    33
     7    44
    22     8
     6    18
     2    44
    40     4
    12    20
    31    15
    23    50
    32    24
    10    43
    24    14
    29    34
    16    24
    22    40
    26    34
     6     9
    40    17
    46    38
    44     6
    22    50
    15    13
    48    31
    18     4
    30    46
     4    25
    47    21
    36    15
    25     1
    45     4
    12    19
    21    15
    27     6
    40     6
    22    34
    15    15
    26    29
    48    19
    48    40
    13    26
    50    41
    20     4
     1    50
    14    23
    29     7
    50    33
    48    26
    49    29
     1    46
    25    20
    17    29
    50     9
    25    43
    47    14
    37    46
    31    33
    37    36
    39     5
    44    28
     2    30
     8    12
    50     8
    41    13
    29    14
    19    18
    19    24
    18    37
    19     4
    24    38
    29    28
    43     8
     2    23
    14    49
     6    39
    36     6
    25    10
    42    44
     9    32
    35    29
    36    22
    26    11
    33    43
    27    28
    21    36
    15    19
    26    40
    48    26
    21    41
    28    25
    12    35
     9    40
     5    12
     5    28
    17    35
    27     8
    26    48
     6    29
    28     6
    32     6
    46     3
    31    25
    38    34
    49     3
    50     7
    27    13
    25    38
     1    50
    19    32
    33    32
    19     9
    14    36
    50    11
    49    19
     5    33
    27     9
    31    47
     9    46
    20    10
    37    45
     3    37
    10    24
    32    35
    41     9
     9    46
    50     5
     5     3
    33     7
    29    37
    42     3
    25    15
    11    38
    24    22
    29    43
     6    36
     2    45
    30    20
    38    29
    11    12
    45    31
    18    23
    16    34
    41    42
     9    43
    39    50
    14    38
    15    34
    30    28
    14    39
    12    15
    11     2
    46    27
    22     8
    39    25
    49    26
    38    13
     7     1
    48    19
    45    41
    17    45
    21    14
    43    46
    38    31
     4    37
    16    44
    30     9
    33    43
    25    34
    27    21
    11    30
     6    41
    16    10
    26    50
    15    47
    17    45
    44    21
    27    17
    26     3
     9    21
    43    39
    10    45
     1    34
    31    23
     4    11
    44    26
    17    17
    11     6
     1     9
    17    29
    25    31
    14    14
     1    31
    33    26
    46    40
    39    36
     5    28
    48     1
    23    19
    49     6
    38    32
     4    14
    36    11
    22    46
     8    49
    34    46
    36     8
    34    50
    11    21
    38    28
    11    31
    49    31
    24    11
     2    12
    44    24
     2    49
    11    35
    37    10
    50    35
    47    13
    19    38
    33    13
    39     1
    29    42
    36    25
    36    32
     1    13
    22     9
     5    36
    44    32
    38    44
    33    11
     3    41
     9    38
    36    18
    39    27
    21     3
    28    42
    15    32
    38    18
    17    48
     4    24
    21    16
    30    21
    30    10
     4    22
     2     6
    33    10
    19    18
    40     3
     9    44
     7    44
    45    50
    35    48
    45    18
     1    30
    12    14
    46    19
    14    22
    50    29
    15    25
    16    34
    17    27
    47    17
     1    15
    24    33
    43    18
    38     6
    17    15
    12    29
    15    39
    35    10
    15     3
    22    20
    28    16
    46    24
    49    45
    49    34
    19    10
    30    13
    39    15
    43     5
    18    28
     7    24
    23    44
    33    21
    31     7
    48    35
    45    13
    44    29
    14    28
    48    49
    34    47
    14    49
    50    41
    25    40
     7    41
     1     1
    35    12
    20    37
    21    45
    37    17
    36    19
    15    10
    25    32
    20    10
     3    27
    39    40
    36    30
    13     1
    10    33
    35     3
    39    38
     8    25
    49    32
     7     8
    14     9
    33     7
    21    28
    30     8
    45    10
    48     4
    13    41
    45    30
     1     8
     7    34
    31    17
    33    15
    39    48
    16    38
    40     8
    17    39
     2    44
     1     6
     8    30
    40    25
    49    33
     9    47
    18    33
    36    46
     1    40
    37    19
    19    38
    45    49
    40    26
    17    46
    29    37
    29    31
    10    40
    20    24
    17     2
    36    34
     4    46
    15    37
     9    10
    23    34
     2    42
     7    28
     9    31
    42    48
     6    50
     3    31
    49    35
    36    17
    37    43
    16    37
     3     1
    39    34
     6    35
    15    18
    27    22
    21    37
    38    17
    16    23
    38    21
    36    48
    35    46
     5     1
     2    23
    46    24
    42    11
    45     5
    35    40
    38    13
    19    36
    37    38
     8    12
    45    24
    20     1
    12    48
    22    45
     2     7
    39    32
    23    15
    32    28
    48    20
    34    15
    15    32
    25    42
    20    16
    30    34
     1    48
    28    49
    48    46
    27    41
    43    24
    27    43
    48    22
    43    32
    46     8
    18    18
    40    41
     8     5
    21    31
    30    44
    10     4
    12    23
    14    13
    14     8
    23    45
    36    10
    17    17
    22    29
    47     2
    50    27
    14    39
    41    16
    45    49
    50    37
     1    20
    33    24
    41    23
    31    49
    36     8
    13    30
    41     9
    36     6
    28     7
    24    27
    41    42
    26     9
    12    16
    25    45
    17    10
    10    25
    10    32
    44    15
     2    46
    33    24
    32     1
    22     2
    23     4
    48    25
    28     7
    36    34
    44    41
     6    12
     8     2
    48    44
    25    25
     7    19
    32     5
     2    14
    49    20
     9    22
    35    40
    21    35
    34    23
     8    24
    19     9
    32     4
     9    23
    12    28
    30    28
    27    28
    24    21
     6    40
    25    35
    17    16
    42    27
    43     7
     5    37
    28    29
    16     6
     1    13
    45    25
    18    16
    14     1
     4    25
    34    38
    17    16
     7    34
    29    48
    39     9
    39    36
    22     4
    47     9
    48    27
    50    45
    36    21
    31    30
    42    42
     1    39
    49     6
    29    38
     6    18
    49    35
     5    13
    26    15
    47    43
     4    16
    29    26
     8    11
    28     3
     4    40
    38    21
    30    41
     6    38
    32     2
    19    44
    15    23
    12    32
    19     9
    35    18
    31    41
    45    19
     6    25
    31     8
     1    47
    33    16
    41    28
    49    13
     1    46
     3    43
    49     8
     5    25
     5     6
    26    24
    21    41
    38    34
    45     4
    44    13
     7    32
    50     5
    42    11
    49    24
    29     6
    37    50
     4    27
    49    36
    23    43
    47    16
    43    29
     2    37
    30    38
    45    32
    35    17
    46    14
    10    18
    19    41
    13    23
    22     1
    10    32
    21    38
    18    22
    44    17
    10    40
    19    23
    37    24
    46    43
    27     4
    11    45
    21    33
    27     2
    26    34
    18    30
    29    43
    42    41
    41    40
     2    10
    13    48
    19    22
    34    37
    30    44
    40    26
     2    49
    29    34
    21    30
    23    20
    13    21
     5    28
    25    27
    28    28
     9    17
    17    13
    27    23
    29    29
    24    15
    35    26
    38    43
     3    37
     8    49
     4    12
    46    17
    48    21
    47    34
    11    19
     3    35
     1     6
    10    33
    42    18
    23    21
    22    29
     4    15
     9    15
     7     6
    40    11
    20    11
     4     3
    42    36
    44    13
     3    31
     9     6
    43    13
    37    29
    46     5
    14    15
    37    13
    32    12
     4    11
    10    29
    50    19
    15    40
    28    16
    15    15
    36     8
    25     2
     4    50
    42    50
    46    17
    26     9
    23    14
    22    26
    14    22
    42    22
    40     2
    13     2
     7    10
    49    20
    17    12
    38    10
    16    49
    35    33
    21    24
    29     6
    23    32
    14    14
    12    28
    39    29
    49     5
    15    14
    45    38
    41    26
    13    35
     2    21
    17     1
    32    11
    47    27
    22    13
    32    19
    50    37
    15    33
    13     1
     3    23
    47    11
    33    36
    50     8
    48    21
    25     7
    44    24
     3    14
    35     9
    38    22
     1     8
    50    12
    15    49
    49     7
    47    42
    26    30
    23    14
    49    37
    11     9
    29    14
    27     7
    43    43
    12     1
    34    35
    44     5
    25    47
    43    37
    27    34
    42     7
    23    13
    44    12
    21    42
    40    17
     2    47
    36     7
    41    18
    18    39
    31    19
    26    36
    39    26
    26     5
    43    23
    16    49
     7     1
    19     1
    35     6
    21    12
    12    14
    35    42
    20     3
    33    48
    33     9
    19    10
    44     5
    16    24
    45    27
     2    23
    24    33
     1     5
    38     7
    16     1
     9    41
    16    31
    48     3
    48    14
     5    17
    23    38
    32    47
    32     7
    44    30
    20    23
    17    10
     3     2
    30    13
    31    11
    48     9
     7     3
    48    17
    10    35
    10    47
    23    15
    24    36
    42    45
    21    37
    17     6
     4    23
    15    27
    15    28
    25    34
    38    19
     3    20
    39     5
    32    26
    38     4
    19    47
    11    17
     2    15
    22    49
    17     2
    15     8
    10    19
    17    39
    40    19
    27    29
    34    43
    43    24
    10    17
    48    19
    29    14
    22    45
     8    37
     8     9
    13    14
     1    10
     4     6
    33    28
    46    14
    45     1
    44    36
    24    49
    38    24
    34    24
    47    24
    21    23
    39    27
     7     5
    21     4
     5     1
    22    34
    10    27
    30    12
     4    23
    22    33
    41    11
    34    12
    32    30
    33    49
    34    25
    21    46
    18    48
    27    40
     1    49
     7    13
    44    13
    35    10
    48     7
    23    22
    35    10
    16    21
    43    42
    44    10
    14     4
    47    44
    29     3
     1    46
    12    14
    39    15
    22    12
    37    38
    13    40
    42    37
    11    46
    20     5
    18    39
    47    14
    31     4
     2    45
    44    39
    18    32
     3    11
     6    48
    28    22
    48     7
    45    45
    30    19
    42    30
    25    25
    25     3
    20    34
    32    34
     8    40
    38     9
    23    26
    12    38
    15    25
     2    45
    40    15
    42    17
     9    22
    11    46
    22     2
    38    20
     8    44
     9     5
    38    32
    35     5
     7    22
     1     1
     3    28
    49    25
    39     3
    23    50
    17    30
    28    28
    46    12
    38    46
    35    37
    35    10
    14    30
    24    32
    19     5
    25    46
     5    48
    45    22
    30    27
    17    12
    30    44
    15     5
    28    25
    49    18
    50    27
    39    50
    38    10
    44    50
    29    44
    10    39
     2    19
    13    13
    20    39
    25    19
    47    23
    11    18
    47    21
    11    37
     7    13
    13    13
     3    13
    24    40
    20    23
    17    15
    46    32
    45    17
    48    14
    20    43
    40    29
    36    12
    44    23
    50    10
    48    22
    35    46
    25     5
     8    38
    21    39
    44    43
     2    30
     6    12
    45    30
    16    21
    18    32
    14    46
    43    20
    33     5
    36    22
    14    48
    50    17
    13     7
    45    31
     9    47
    16    49
    40     5
    49     5
    44    29
    43    39
    36    46
    45     5
    31    24
    17    21
    31    48
    26    19
    19     5
    41    19
    36    32
    49    24
    15    36
    30    36
    38    27
    29    48
    23     7
    14    31
    34    37
    32    21
    50    42
    50     6
     4    28
    15    11
    43    37
    18    22
     9    31
    32     9
    10    13
    41    18
    18     7
    32    21
    20     3
    49    30
    46    14
    44    49
    23    15
    24    41
    11    47
    31    50
    39    32
    21    44
     5    42
     8    37
    46    11
    37    27
     7     3
    15    38
     2    45
    39    22
    22     6
    39    47
    36    27
     9    50
    33    50
     6    33
     2     9
     2     8
    18    47
    40    50
    48    40
    10    14
     4    46
    27    22
    16     2
    24    40
    43     3
    42    19
    14    43
    29     9
    28    44
    35    17
    22    38
    49    40
     6     5
    35     5
    14    36
    20    27
    37    16
    47     9
    45    46
    38    34
    32    27
    33     6
     6    41
    26    39
    48    34
    27     8
    25    18
    20     2
    36    26
     4    25
     3    11
    41    22
    33    28
     3    45
    24    22
     7     8
    46    30
    23    35
    12    45
    30     3
    32    23
    25    14
    27    24
    43    11
    21    23
    44    22
    45    37
     3    29
    41    36
    16    49
     3    14
     1    43
    17    31
     8    39
    44     7
     3    20
     3     1
    40    36
    13    17
    44     1
    15    35
    28    49
    36    31
    34    49
    11    34
     7    38
    20     6
    36    39
     7     3
    49     5
    39    10
    15    42
    30    49
    42    28
    22    16
    17    28
    36    37
    37     5
    27    40
    47    14
    13    29
    43    29
    37    13
    26    46
     7    47
    38    19
    27    24
     9    27
    19    11
    11    34
    16    25
    22     5
    11    24
    17    38
    39     6
    14    34
    30    17
    48    12
    22    45
    42    15
    22     6
    47    49
    36    15
    39    25
    16    41
     4    40
     5    45
    49    40
    47    30
    47     5
    46    38
    48    46
    33    23
    30    41
    49    20
     7    26
    46    29
    41    40
    25    15
     2    37
     8    37
    28    12
     4    22
    38     5
     8    16
    45    49
    40    29
    29    50
    26    49
     2    34
    40     6
    33    45
    47    13
    37    19
    17    42
     5     2
    13    26
    28    10
    44    34
    12     1
    39     3
    10    16
    12     9
    14    50
    34    38
     5    28
    26    19
    45    13
    26    50
    36    31
    18    47
    36    29
    30    32
    32     2
    19    23
    43    50
    35    16
    16    35
    22    49
    47    45
     4    37
    16     9
    13    23
    24     2
    20     9
    41    33
     4    40
    22    10
    40    21
    15    44
    31     2
     4     2
     6    22
    34     7
    30     6
    30    43
    42    36
    40    34
    39    30
     4    12
    23     7
    37    21
    32    45
     8     7
    45    19
    13    40
    28    15
     9     5
    50    33
    12    45
     9    20
    13    12
    30     2
    39    47
    17    43
    46    34
    12    29
    29    42
    48    10
    18    40
     6    38
     8    14
    37    29
     7    33
     4     8
    45    19
    36    49
     7    29
    17    32
    33    17
     5    30
     2    48
    36    34
    35    26
    23     5
    26    38
     5    39
    17    22
    39     5
    34    43
     7     6
    23     6
     5    45
    17    18
    34    17
    39    21
    47    43
    38    42
    17    50
    19    26
    39     4
    10    47
    19    18
    48    32
    40    32
    48    34
     1     4
    37     5
     6    42
    38     7
     9    10
    48    19
    17     7
    46    17
     3    28
    10    35
    40     9
    48    49
    11    12
    13    23
    34    23
     7    30
    47     3
    22    50
     4    11
    39    42
    22    12
    23    10
    33    45
    40     7
    37     7
    34    27
     7    27
    42    33
    45    18
     5    12
    10    14
    26    25
     4     3
    41    19
    13    42
    50    44
    36     9
    22    15
    43     9
    44    46
    24    50
    46    32
    29    26
    20    37
    45     7
    31    15
     9    50
    44    37
    42    27
    17    19
    15    45
    29    19
     6    32
    36    21
     8    14
    12    38
    38     6
    24    40
     2    14
    34    35
    50    34
    12    15
    11     7
     1    42
    29    36
    43    16
     3     4
    48     3
    13    14
    21    44
    14    18
    14    30
    42    20
    11     1
    24    12
    32    48
     3    48
    47    22
    38     1
    39     7
    24    33
     6    22
    36    30
    44    15
    39    22
    28    27
     1     4
     2    38
    13    20
    13    11
    28     4
     5    38
    36    43
    24    33
    18    39
     1    45
     8    19
    36    25
    42    11
    48    47
    48    27
    31    39
    47    22
    16    24
    41    33
     5    12
    38    19
    41     3
    44    26
     1     5
    34    15
    14    35
    33    12
     3     5
     9    38
    34     2
    21    11
     5    50
    13    19
    36    23
    16    34
    40     4
    39    45
    33    34
    48     6
    15     7
    27    20
    22    15
    40    17
     8    28
     4     4
    29    36
    49    19
    47    41
    28    22
     2    33
     7    47
     9    25
     9    24
    47    13
    50     5
    10    42
    31    25
    39    17
    42    37
    17    48
    15    18
     9    39
    15    20
    10    19
     4    37
    12    50
    47    46
    18    17
     4    40
     2     6
    34    45
    24    42
    10    24
    19    45
     5    21
    26    39
     1    43
    50     7
    47    33
    19    40
    40    26
     7    47
    50    18
     5    36
    23    18
    44    21
     1     5
    50    47
    29    27
    29    50
    15    18
    46    46
     3     3
     9    30
    15    19
    47    43
    38     3
    13    24
    14     1
    20    36
    21    30
    49    21
    40    11
    32    48
    48    43
    43    23
     5    37
    43    31
    41     1
    28     3
    30    19
    29    19
    26    22
    27    49
    42    46
     9    48
    46     7
    15    42
    11    26
     5    12
     5     2
    15     7
    12    19
    48    34
    23    27
    44    44
    48    11
    42    42
    39    22
    29     3
    33    20
     7    26
    16    15
    30    32
    39    39
    12    26
     7     6
    32    24
     4    38
     2    28
    35     5
    35    18
    34    38
    11    23
    49    13
51
